0.01331080488102415 13.31080488102415
0.01340528179835588 0.09447691733172579
0.01348182921614551 0.07654741778963074
0.01360688335766386 0.125054141518352
0.01379936363531436 0.1924802776504947
0.01403688581884179 0.2375221835274315
0.01433865065759531 0.3017648387535193
0.01489294463485875 0.5542939772634394
0.01598112245794412 1.088177823085378
0.01775240194551219 1.771279487568063
0.02044455020213413 2.692148256621948
0.02435238090873374 3.907830706599606
0.02972324566332088 5.370864754587135
0.03676646054066356 7.04321487734268
0.04565757230065742 8.891111759993866
0.05726822114628938 11.61064884563195
0.07228552873761254 15.01730759132316
0.09054157752034339 18.25604878273085
0.1110251502691703 20.48357274882687
0.1320528886664827 21.02773839731248
0.1524278842622489 20.37499559576619
0.1718692298035017 19.44134554125279
0.1903071341993348 18.43790439583309
0.2073482318885348 17.04109768919998
0.2223454326338182 14.99720074528338
0.2345936472085703 12.24821457475211
0.2434936901810137 8.900042972443456
0.2487271676235204 5.233477442506628
0.2502837887318208 1.55662110830046
0.2483219236210074 -1.961865110813393
0.2431217488296966 -5.20017479131088
0.2350493793260304 -8.072369503666188
0.2245313038077591 -10.51807551827127
0.2120225000692884 -12.50880373847071
0.1979773258595156 -14.04517420977275
0.1828321988074445 -15.14512705207113
0.1670718821119002 -15.76031669554434
0.1515986492295349 -15.47323288236524
0.1372744473755768 -14.32420185395813
0.1245723058120005 -12.70214156357626
0.1136089350031454 -10.96337080885516
0.1043381764046644 -9.270758598481004
0.09663232021512703 -7.705856189537327
0.09032057050154112 -6.311749713585918
0.08523768258350106 -5.082887918040055
0.08122973467389522 -4.007947909605846
0.07815513769325241 -3.074596980642802
0.07589238977312912 -2.262747920123292
0.07432707686771535 -1.565312905413771
0.07335324972621993 -0.973827141495423
0.07287895077124563 -0.4742989549742921
0.07282336515965794 -0.05558561158769404
0.07311643982498442 0.2930746653264787
0.07369131046878487 0.5748706438004486
0.07447861433618003 0.7873038673951588
0.07540455853626238 0.9259442000823515
0.07639331532737748 0.9887567911150974
0.07736974070141353 0.9764253740360551
0.0782621980630194 0.8924573616058695
0.07900483114013017 0.7426330771107686
0.07954000079918376 0.5351696590535915
0.07982087738939558 0.2808765902118232
0.07981403023402581 -0.006847155369776869
0.07950122343126352 -0.312806802762286
0.07887897381170175 -0.6222496195617683
0.07794981396933592 -0.9291598423658287
0.07670732862840479 -1.242485340931132
0.07514830766322336 -1.559020965181429
0.07328824014287701 -1.860067520346356
0.07116644319816051 -2.121796944716495
0.06884004700561493 -2.326396192545585
0.06637413041001454 -2.465916595600387
0.06383325828626286 -2.540872123751675
0.06127673494356202 -2.556523342700845
0.05875541160614536 -2.521323337416656
0.05631113754065783 -2.444274065487535
0.05397465235636769 -2.336485184290138
0.05176637610100013 -2.208276255367556
0.04969861931030227 -2.067756790697865
0.0477772098079947 -1.921409502307569
0.04600238245014421 -1.774827357850492
0.0443695871011814 -1.632795348962809
0.04287051150243947 -1.499075598741934
0.04149406420187483 -1.376447300564632
0.04022696058696885 -1.267103614905979
0.03905394452396051 -1.173016063008341
0.03795940797434191 -1.094536549618608
0.03692844807991418 -1.030959894427724
0.03594670971185466 -0.9817383680595232
0.03500016135208213 -0.9465483597725296
0.03407370301112402 -0.926458340958114
0.03314923194969769 -0.9244710614263254
0.03221065727740775 -0.9385746722899435
0.03124720898185436 -0.9634482955533895
0.03025120651259037 -0.9960024692639881
0.02921625074009374 -1.03495577249663
0.02813788705592206 -1.07836368417168
0.02701318050011271 -1.124706555809353
0.02584048461444009 -1.172695885672613
0.0246195933527814 -1.220891261658693
0.02335216704398866 -1.26742630879274
0.02204200455482978 -1.310162489158884
0.02069461619898343 -1.347388355846343
0.01931778371840167 -1.37683248058176
0.01792147512928152 -1.396308589120154
0.01651653079176035 -1.404944337521172
0.01511420510286015 -1.4023256889002
0.0137254337762738 -1.388771326586349
0.01236036257234139 -1.365071203932412
0.01103031337238571 -1.330049199955677
0.009760477936114309 -1.269835436271399
0.00857477918327597 -1.185698752838339
0.007489490298278603 -1.085288884997367
0.006535612054728352 -0.9538782435502512
0.005739071365673405 -0.7965406890549469
0.005091173389143756 -0.6478979765296485
0.004567267710847066 -0.5239056782966903
0.004143140997250459 -0.4241267135966066
0.003799303472241572 -0.3438375250088871
0.003519474849452429 -0.2798286227891429
0.00329131635059523 -0.2281584988571995
0.003104928592550779 -0.1863877580444507
0.002952065135876684 -0.1528634566740948
0.002826703729961934 -0.1253614059147502
0.002723455539137876 -0.1032481908240577
0.002638193026778893 -0.08526251235898294
0.002567579112764557 -0.07061391401433618
0.002508886332500759 -0.05869278026379839
0.002459892489336668 -0.04899384316409084
0.00241879509323767 -0.04109739609899814
0.002384130174696247 -0.03466491854142326
0.002354703528419519 -0.02942664627672781
0.002329542101893736 -0.02516142652578312
0.002307852664364624 -0.02168943752911198
0.002288994083883759 -0.01885858048086483
0.002272447336631948 -0.01654674725181044
0.002257791224397594 -0.01465611223435467
0.00224468289564561 -0.01310832875198349
0.002232843315306831 -0.0118395803387788
0.002222046190342772 -0.01079712496405982
0.002212108102455065 -0.009938087887706795
0.002202879966708099 -0.009228135746965765
0.002194241840405787 -0.008638126302312407
0.002186101644026689 -0.008140196379097242
0.002178385523664331 -0.007716120362358161
0.002171030453159425 -0.007355070504906289
0.002163979372802123 -0.007051080357301648
0.00215716893674092 -0.006810436061203528
0.002150538079775353 -0.006630856965566742
0.002144038982693495 -0.006499097081858266
0.002137636253631507 -0.006402729061987834
0.002131302134254495 -0.006334119377011515
0.002125013591500606 -0.006288542753889268
0.002118750579815352 -0.006263011685253735
0.002112494867144511 -0.006255712670841327
0.002106229108536986 -0.006265758607525412
0.002099936149857308 -0.006292958679677933
0.002093598137293299 -0.006338012564009125
0.002087197423848617 -0.006400713444681093
0.002080718492095881 -0.00647893175273603
0.002074147768185683 -0.006570723910198292
0.002067473571593366 -0.006674196592316994
0.00206067832371723 -0.006795247876135828
0.00205375742408162 -0.006920899635610035
0.00204670858278368 -0.007048841297940551
0.002039531970790689 -0.007176611992990804
0.002032210039666766 -0.007321931123923427
0.002024743692514689 -0.00746634715207686
0.002017108698960461 -0.007634993554227459
0.002009322179367392 -0.007786519593069169
0.002001364831539154 -0.007957347828238277
0.001993216930892583 -0.008147900646570359
0.001984854736939049 -0.008362193953534262
0.001976305039461253 -0.008549697477796062
0.001967570508347903 -0.00873453111334974
0.001958648632324598 -0.008921876023305388
0.001949560167881621 -0.009088464442976677
0.001940309856161471 -0.009250311720150053
0.001930886399294097 -0.009423456867374167
0.001921277879981331 -0.009608519312766109
0.001911475135654206 -0.009802744327125053
0.001901472036759608 -0.0100030988945982
0.00189126620252619 -0.01020583423341813
0.001880857997406451 -0.01040820511973863
0.001870249592132217 -0.01060840527423394
0.001859443634115617 -0.01080595801660009
0.001848441462457598 -0.0110021716580185
0.001837243478850695 -0.01119798360690307
0.0018258509167095 -0.01139256214119496
0.001814251849769634 -0.01159906693986613
0.001802459800487546 -0.01179204928208823
0.001790496884461373 -0.01196291602617301
0.001778359666695898 -0.01213721776547488
0.001766017662611119 -0.01234200408477921
0.001753507970773241 -0.01250969183787753
0.001740814674096631 -0.0126932966766104
0.001727954047043507 -0.01286062705312357
0.001714922589274934 -0.01303145776857364
0.001701752243522306 -0.0131703457526282
0.001688463959259827 -0.01328828426247898
0.001675068362749713 -0.01339559651011347
0.001661582212545989 -0.01348615020372364
0.00164801348285323 -0.01356872969275938
0.00163437085826884 -0.01364262458438997
0.001620669583121647 -0.01370127514719265
0.001606927903614304 -0.01374167950734368
0.001593163294552998 -0.01376460906130582
0.001579392892531177 -0.01377040202182054
0.001565634588536261 -0.01375830399491626
0.001551905389834144 -0.01372919870211734
0.001540288186658264 -0.01161720317587977
0.004151523566067148 2.611235379408884
0.004045058289460766 -0.1064652766063819
0.00374628451089405 -0.2987737785667154
0.003439950965594778 -0.3063335452992721
0.003165006511343288 -0.2749444542514902
0.002931232296199515 -0.2337742151437734
0.002739835974278146 -0.1913963219213684
0.002588838494550372 -0.1509974797277739
0.002472718131333234 -0.1161203632171386
0.002383858764696078 -0.08885936663715568
0.002319152480286654 -0.06470628440942428
0.002295026816327518 -0.02412566395913578
0.002287325997869907 -0.007700818457610954
0.002257459509226247 -0.02986648864366061
0.002201071124571509 -0.05638838465473785
0.002120399415247699 -0.08067170932380979
0.002143772519073096 0.02337310382539677
0.002051023463210435 -0.09274905586266045
0.002206977122182623 0.1559536589721879
0.002123930078016908 -0.1347409543446124
0.002118475591507933 -0.005454486508974822
0.00213830960432941 0.01983401282147764
0.002162253344546798 0.02394374021738761
0.002193859910485921 0.03160656593912325
0.002267277266153496 0.07341735566757449
0.002335729254082604 0.0684519879291085
0.002282417593280757 -0.05331166080184716
0.002189964087628635 -0.09245350565212232
0.002162877253518616 -0.02708683411001842
0.00218784815106992 0.02497089755130327
0.002321547806441261 0.1336996553713411
0.002433043201620441 0.1114953951791803
0.002383795966131927 -0.04924723548851419
0.002364830451107396 -0.01896551502453096
0.002238137508652424 -0.126692942454972
0.002264321477825357 0.02618396917293325
0.002247277626654289 -0.01704385117106853
0.002386367737669751 0.1390901110154621
0.002449161299226466 0.06279356155671541
0.002551022447098753 0.1018611478722873
0.002640386169312824 0.08936372221407052
0.002704152494458795 0.06376632514597116
0.002740622004755506 0.03646951029671105
0.002755536793825758 0.0149147890702514
0.002744816943512848 -0.01071985031290967
0.002729115765358072 -0.01570117815477556
0.002728614629350535 -0.0005011360075376711
0.002886403370435496 0.1577887410849615
0.002965709079424199 0.07930570898870282
0.003020454624071693 0.05474554464749391
0.00315443388810856 0.1339792640368668
0.00320307159368216 0.04863770557360066
0.003251706646352739 0.0486350526705784
0.003267471569114196 0.0157649227614568
0.003277456144045217 0.009984574931021836
0.003285481434971685 0.008025290926467858
0.003298786355011138 0.01330492003945305
0.003322023826343343 0.02323747133220521
0.003355502107027063 0.03347828068371973
0.003396519853806305 0.04101774677924214
0.003441346009699317 0.04482615589301115
0.003488171378380317 0.04682536868100056
0.003511975782169134 0.02380440378881672
0.003379550753688921 -0.1324250284802132
0.003508591493759295 0.1290407400703743
0.003320550938988788 -0.1880405547705064
0.003239885716167564 -0.08066522282122474
0.003278009088415315 0.03812337224775143
0.00335246763168568 0.07445854327036479
0.003469044897583022 0.116577265897342
0.003614093129679753 0.1450482320967308
0.003745824832274782 0.131731702595029
0.003837238271288348 0.0914134390135662
0.003889958920410106 0.05272064912175854
0.003921424893424372 0.03146597301426513
0.003944100611833604 0.02267571840923292
0.003965258911736771 0.02115829990316682
0.004174515253066853 0.2092563413300819
0.004131247114522413 -0.04326813854443976
0.004228046954488965 0.09679983996655188
0.004396355341600073 0.1683083871111077
0.004842041268815473 0.4456859272154003
0.005787964597728849 0.9459233289133753
0.00712954401197571 1.341579414246862
0.008553378873254837 1.423834861279127
0.01017407588528625 1.620697012031415
0.011423013106669 1.248937221382746
0.01248506419077862 1.062051084109622
0.01338043457634396 0.895370385565343
0.01418915617595249 0.8087215996085295
0.0148952370436166 0.7060808676641103
0.01565710827001088 0.7618712263942791
0.01638238152420981 0.7252732541989312
0.0172786064111323 0.8962248869224878
0.01791114906721951 0.6325426560872122
0.01885004227634083 0.9388932091213206
0.01930452550446542 0.4544832281245872
0.01998458972001408 0.6800642155486564
0.02057008340337278 0.5854936833587059
0.02108078721575055 0.5107038123777635
0.02197555888795117 0.894771672200624
0.02270638082326731 0.73082193531614
0.02341466086089166 0.7082800376243502
0.02403003500396012 0.6153741430684547
0.02462715556149822 0.5971205575381056
0.02522010283475257 0.5929472732543462
0.02581295496018512 0.5928521254325546
0.02640494699303455 0.591992032849424
0.02699367892195301 0.5887319289184685
0.02757637312142665 0.5826941994736337
0.02814997601444103 0.5736028930143841
0.02871117811410792 0.5612020996668895
0.02925644257761191 0.5452644635039923
0.02978208851050281 0.5256459328908981
0.03028433184330883 0.5022433328060183
0.03075915309113849 0.4748212478296598
0.03120225374881593 0.4431006576774352
0.03160904146381226 0.4067877149963386
0.03208305207578049 0.47401061196823
0.03284163664975173 0.7585845739712312
0.03345450372574001 0.6128670759882812
0.03430938387108082 0.8548801453408111
0.03489906206027855 0.5896781891977301
0.035536865988719 0.6378039284404488
0.03610564838000003 0.5687823912810321
0.03663324027392188 0.5275918939218471
0.03718152216407232 0.548281890150444
0.0380612684567676 0.8797462926952784
0.03881628233421837 0.7550138774507705
0.03947707666991289 0.6607943356945201
0.04009413401463247 0.6170573447195834
0.04068772784084742 0.5935938262149471
0.0412672266888621 0.579498848014677
0.04183318769571455 0.5659610068524529
0.04238545341680294 0.5522657210883866
0.04292341321437818 0.5379597975752395
0.04344639059427803 0.5229773798998555
0.04395358245927345 0.5071918649954196
0.04444380661403301 0.4902241547595568
0.04491582725571475 0.472020641681746
0.0453679025474161 0.4520752917013468
0.04579858241887064 0.4306798714545368
0.04620601946696999 0.4074370480993544
0.04658802782861175 0.3820083616417613
0.04694231737594051 0.3542895473287525
0.04726592329964049 0.3236059236999891
0.04755549152696898 0.2895682273284864
0.0478072957683881 0.2518042414191152
0.04801726451853744 0.2099687501493433
0.0481809014988694 0.1636369803319562
0.04829320584916334 0.1123043502939472
0.04834873826320046 0.05553241403711412
0.04834201373952973 -0.006724523670724458
0.04826753884961905 -0.07447488991067786
0.04811971040143131 -0.1478284481877465
0.04789272808341637 -0.2269823180149344
0.04758062386464288 -0.3121042187734929
0.04717736538209076 -0.4032584825521199
0.04667692454110162 -0.5004408409891372
0.04607335232241352 -0.603572218688106
0.04536094119437635 -0.7124111280371672
0.04453457100563103 -0.8263701887453248
0.0435900160992571 -0.9445549063739275
0.04256223324943525 -1.02778284982185
0.04158155313355164 -0.9806801158836059
0.04070558252735702 -0.875970606194626
0.0399189501914754 -0.7866323358816165
0.03917759201965811 -0.741358171817294
0.0384528479876793 -0.7247440319788079
0.03772823937426686 -0.7246086134124335
0.03699819837364546 -0.7300410006214064
0.03627710790240916 -0.7210904712362937
0.03556236075436746 -0.7147471480417056
0.03484937919962722 -0.7129815547402343
0.03413614617826968 -0.7132330213575483
0.03342203290803653 -0.7141132702331437
0.03270713130202777 -0.714901606008761
0.03199184862799026 -0.7152826740375109
0.03127673711183765 -0.7151115161526111
0.0305624042238564 -0.7143328879812526
0.02984937621337109 -0.7130280104853081
0.0291383096085379 -0.7110666048331903
0.02843011999648229 -0.708189612055609
0.02772573704063469 -0.7043829558475955
0.02702584911600628 -0.6998879246284186
0.02633074094040458 -0.6951081756016997
0.02564083697813489 -0.6899039622696896
0.02495632720618996 -0.6845097719449245
0.02427778395869942 -0.6785432474905422
0.02360525298609601 -0.6725309726034051
0.02293892813831676 -0.6663248477792524
0.02227924017021406 -0.6596879681026978
0.02162727196844823 -0.6519682017658359
0.02098395282679801 -0.6433191416502226
0.02035041928506837 -0.6335335417296355
0.01972765766664773 -0.622761618420637
0.01911635236846595 -0.6113052981817808
0.01851696225899803 -0.599390109467919
0.01793000656324339 -0.5869556957546415
0.01735611196621396 -0.5738945970294278
0.01679592231719685 -0.5601896490171134
0.01625015769433858 -0.5457646228582691
0.01571964687857788 -0.5305108157607035
0.01520530088335958 -0.5143459952182943
0.01470804502153783 -0.4972558618217566
0.01422879754711438 -0.4792474744234505
0.01376847288428595 -0.4603246628284308
0.01332787715383905 -0.4405957304468994
0.01290793649654702 -0.4199406572920252
0.01250979103476149 -0.3981454617855307
0.01213426227582709 -0.3755287589344014
0.01178291464448516 -0.3513476313419303
0.01145763701720735 -0.3252776272778049
0.01115915935966414 -0.2984776575432127
0.01088820055158061 -0.2709588080835306
0.01064515934762586 -0.2430412039547518
0.01042767289427997 -0.2174864533458897
0.01023019513694942 -0.1974777573305521
0.01004704730323058 -0.1831478337188368
0.009874706645917187 -0.1723406573133929
0.009712061967702582 -0.1626446782146042
0.009558698178817167 -0.1533637888854154
0.009414352027553245 -0.1443461512639216
0.009278770690278233 -0.1355813372750127
0.009151791959120982 -0.1269787311572509
0.009033215858813034 -0.1185761003079482
0.008922812391805856 -0.110403467007178
0.008823593292935996 -0.09921909886985956
0.008826698219569272 0.00310492663327562
0.009061510924707809 0.234812705138537
0.009573639712718027 0.5121287880102184
0.0104083266277617 0.8346869150436774
0.01136083908432381 0.9525124565621049
0.01215265894001871 0.7918198556948978
0.01265753487474482 0.5048759347261091
0.01288119261583108 0.2236577410862622
0.01295637303737727 0.07518042154619139
0.01297847220707203 0.02209916969475936
0.01298910331890837 0.01063111183634106
0.01313106283420343 0.1419595152950641
0.01301556037331152 -0.1155024608919114
0.01302033866089267 0.004778287581150287
0.01301677501146329 -0.003563649429385099
0.01300168932741744 -0.01508568404584403
0.01297422820367688 -0.0274611237405676
0.01313845931120172 0.1642311075248405
0.01205684068157823 -0.9826418117737847
0.01112127042108746 -0.08713485325118585
0.01125938971408145 0.1381192929939909
0.01067581979864912 -0.5835699154323349
0.01031055368108978 -0.07786481913394511
0.01021681490171377 -0.09373877937601111
0.01014113528082573 -0.07567962088804274
0.01008987697977742 -0.05125830104830455
0.01004269892629642 -0.04717805348100276
0.0101539007831814 0.1112018568849814
0.01040811401779602 0.2542132346146208
0.01064863216732935 0.2405181495333322
0.0107911292580016 0.1424970906722511
0.01082911900602705 0.0379897480254441
0.01079646494267045 -0.0326540633565995
0.0107470157723684 -0.04944917030204679
0.01068595128471383 -0.0610644876545708
0.01060797655262381 -0.0779747320900203
0.01050723019003601 -0.100746362587804
0.0103845792827703 -0.1226509072657089
0.01022999541137564 -0.1545838713946576
0.01004779696266022 -0.1821984487154239
0.009868810258507763 -0.1789867041524541
0.009659635653924801 -0.2091746045829613
0.009434983417130019 -0.2246522367947822
0.009207716352460985 -0.2272670646690338
0.009046017508518816 -0.1616988439421697
0 0
0 0
0 0
0 0
0 0
0 0
0 0
0 0
0 0
0 0
0 0
0 0
0 0
0 0
0 0
0 0
