0.01130450187157582 11.30450187157582
0.01261768732196843 1.313185450392612
0.01267334625775653 0.05565893578809988
0.0127712066937845 0.09786043602796543
0.01292482577041199 0.1536190766274932
0.01311244295501028 0.1876171845982925
0.01335810535089944 0.2456623958891554
0.01385175576500855 0.4936504141091116
0.01482318075176472 0.9714249867561735
0.01639371862266242 1.570537870897694
0.01878438550290969 2.390666880247271
0.02225878144536801 3.474395942458322
0.02703251941924532 4.773737973877308
0.03329949750050041 6.266978081255092
0.04128707639805721 7.987578897556801
0.05201666425843166 10.72958786037445
0.06593167014277314 13.91500588434148
0.08278072474272197 16.84905459994883
0.1013754739650664 18.5947492223444
0.1202469919178255 18.87151795275918
0.1387618903779706 18.51489846014508
0.1569938889958042 18.23199861783353
0.174788593253188 17.79470425738389
0.1915299448593599 16.74135160617188
0.2064335023221856 14.90355746282568
0.2187437031702481 12.3102008480625
0.2278792356994558 9.135532529207707
0.2336067386990195 5.727502999563677
0.2359510322934676 2.344293594448127
0.2350418315918469 -0.9092007016207049
0.2311024261876875 -3.93940540415938
0.2244397459328014 -6.662680254886117
0.2154050434924243 -9.034702440377073
0.2043756576695414 -11.02938582288296
0.1917777054475871 -12.59795222195428
0.1780479450979006 -13.72976034968645
0.1636005338022787 -14.44741129562196
0.1488820603717348 -14.71847343054383
0.1345109337756326 -14.37112659610221
0.1212435792503422 -13.26735452529042
0.1094463142455148 -11.79726500482746
0.09926056712202889 -10.18574712348587
0.09063947037071655 -8.62109675131234
0.08345596894871174 -7.183501422004815
0.07755697038289616 -5.898998565815577
0.07280531122128278 -4.751659161613381
0.069109024839486 -3.696286381796781
0.0663494122470084 -2.759612592477603
0.06441957559836116 -1.929836648647237
0.0632418166260926 -1.177758972268558
0.06274332752773901 -0.4984890983535939
0.06285215854307834 0.1088310153393307
0.06349884657729142 0.6466880342130832
0.06461359242050156 1.114745843210141
0.06612396708446976 1.510374663968195
0.06795291128027334 1.828944195803581
0.07001598570541948 2.063074425146139
0.07222284228072762 2.206856575308141
0.07448068424875647 2.257841968028848
0.07669850399302745 2.217819744270988
0.07879328811427869 2.094784121251234
0.08069516201745802 1.901873903179335
0.08234608141674798 1.650919399289963
0.08370270694791986 1.35662553117187
0.0847353894399365 1.032682492016643
0.08541559253045453 0.6802030905180279
0.08571128009953467 0.2956875690801469
0.08560809884251523 -0.1031812570194413
0.08512043317928389 -0.4876656632313431
0.08428755061835255 -0.8328825609313362
0.08316410289074386 -1.123447727608695
0.08181168855860507 -1.352414332138785
0.08029386566999043 -1.517822888614642
0.07866937369773891 -1.624491972251521
0.07699276682368475 -1.67660687405416
0.0753119594893906 -1.680807334294154
0.07366069596840009 -1.651263520990501
0.07205817410523778 -1.602521863162315
0.07051298132359562 -1.545192781642154
0.06902651277791366 -1.486468545681963
0.06759699087126893 -1.429521906644734
0.06621979811526583 -1.377192756003093
0.06488777790459224 -1.332020210673593
0.06359318887935132 -1.294589025240919
0.06232670037042602 -1.266488508925308
0.06107461136328955 -1.25208900713647
0.05982077740130676 -1.253833961982781
0.05855307556785863 -1.267701833448133
0.05726485346042152 -1.288222107437113
0.0559488348107404 -1.316018649681117
0.05459887432739795 -1.349960483342454
0.05321002179095645 -1.388852536441498
0.05177489345056529 -1.435128340391161
0.05028841651045458 -1.486476940110712
0.04874777280675873 -1.540643703695846
0.04715126936389463 -1.596503442864106
0.04549658346995628 -1.654685893938343
0.0437814130315531 -1.715170438403184
0.0420041294436707 -1.7772835878824
0.04016469227366386 -1.839437170006834
0.03826485414209865 -1.899838131565218
0.03630807241405343 -1.956781728045219
0.03429980833595621 -2.008264078097219
0.03224769307067794 -2.052115265278265
0.03016146668674097 -2.086226383936969
0.02805193368484548 -2.109533001895491
0.02593078277146476 -2.12115091338072
0.02380974079559574 -2.121041975869022
0.02170049956585652 -2.109241229739225
0.01961442037206626 -2.086079193790259
0.01756227490515658 -2.052145466909676
0.01555504492534544 -2.007229979811138
0.01362340690822008 -1.931638017125363
0.01182126950089898 -1.802137407321096
0.01017708888045903 -1.644180620439953
0.008741165544423805 -1.435923336035226
0.007542389711353085 -1.19877583307072
0.006566487273343398 -0.9759024380096873
0.005781892257264899 -0.7845950160784987
0.005153160292393531 -0.6287319648713681
0.004648375326241181 -0.5047849661523494
0.004241547334610718 -0.4068279916304628
0.003912323361688222 -0.3292239729224969
0.003645121828565604 -0.267201533122618
0.003427785014605044 -0.2173368139605594
0.003250448144194017 -0.1773368704110273
0.00310537159972001 -0.1450765444740067
0.002986387716144086 -0.1189838835759238
0.002888402132398444 -0.09798558374564262
0.002807579441337345 -0.08082269106109889
0.002740606610738669 -0.06697283059867555
0.002684866841849681 -0.05573976888898846
0.002638419423641319 -0.04644741820836141
0.002599444839616551 -0.03897458402476843
0.002566561792437506 -0.03288304717904544
0.002538735136134456 -0.02782665630304913
0.00251500405614477 -0.02373107998968668
0.002494628152799629 -0.02037590334514044
0.002477002246006953 -0.01762590679267682
0.002461634021502452 -0.01536822450450004
0.002448132977456646 -0.01350104404580646
0.002436273123475148 -0.01185985398149784
0.002425785545351522 -0.01048757812362666
0.002416475884592445 -0.009309660759076674
0.002408207293300444 -0.008268591292001116
0.002400808420978881 -0.00739887232156268
0.002394157002344069 -0.006651418634812459
0.002388141625816023 -0.006015376528045995
0.002382658678386284 -0.005482947429739059
0.002377621632278355 -0.005037046107928076
0.002372961835867385 -0.004659796410970765
0.002368623576737871 -0.004338259129513852
0.00236456017446979 -0.004063402268081155
0.002360731454677179 -0.003828719792610923
0.002357101851557939 -0.003629603119239665
0.002353638568410121 -0.003463283147817683
0.002350309671701857 -0.00332889670826399
0.002347082554530978 -0.00322711717087908
0.002343925138737275 -0.003157415793703447
0.002340806976901013 -0.003118161836262144
0.002337698173810033 -0.003108803090979932
0.002334570188868599 -0.003127984941433438
0.002331388835265163 -0.003181353603436132
0.002328119488523668 -0.00326934674149508
0.002324759441457942 -0.003360047065725878
0.00232128305847772 -0.003476382980222275
0.002317662725292126 -0.003620333185594318
0.002313863842801868 -0.003798882490257255
0.002309847028889838 -0.004016813912030136
0.002305602051875866 -0.004244977013971932
0.002301110957543762 -0.004491094332104324
0.002296331231428369 -0.004779726115393401
0.002291246626309069 -0.005084605119299538
0.002285837921120233 -0.00540870518883586
0.002280107832532753 -0.005730088587480031
0.002274042912695163 -0.00606491983759028
0.002267641224223659 -0.006401688471504262
0.002260895073895776 -0.006746150327882703
0.002253785010307933 -0.007110063587843166
0.00224628791208191 -0.007497098226023208
0.002238383267633954 -0.007904644447955921
0.002230045345271998 -0.008337922361955231
0.00222125668753448 -0.008788657737518555
0.002212021113183857 -0.009235574350623284
0.002202335407829854 -0.009685705354002365
0.002192199832374054 -0.01013557545580029
0.002181616932342522 -0.01058290003153224
0.002170588685971564 -0.01102824637095809
0.002159117107740637 -0.01147157823092613
0.002147201089425196 -0.01191601831544145
0.002134846526761153 -0.01235456266404297
0.002122084605038398 -0.01276192172275457
0.002108930965624628 -0.01315363941377032
0.002095388759599913 -0.01354220602471558
0.002084925894527344 -0.01046286507256885
0.002095772723035035 0.01084682850769096
0.002131174176534294 0.03540145349925899
0.00218458701743794 0.05341284090364627
0.00224987831121906 0.06529129378111996
0.002322142801556521 0.07226449033746057
0.00239748179984568 0.07533899828915998
0.002472765608786057 0.07528380894037626
0.002545473509435826 0.07270790064976959
0.002613592150776294 0.06811864134046797
0.002675551123091767 0.06195897231547247
0.002730166805644419 0.05461568255265203
0.002776597889458428 0.04643108381400911
0.002814305265120187 0.03770737566175918
0.00284299111082645 0.02868584570626291
0.002862620235830854 0.0196291250044037
0.00287431339181608 0.01169315598522659
0.002888721517730171 0.01440812591409039
0.002909844490342095 0.02112297261192388
0.002935946446392628 0.02610195605053361
0.002962867138318991 0.02692069192636315
0.002979346785892059 0.01647964757306745
0.002984424723988701 0.0050779380966425
0.002983237733429047 -0.001186990559654075
0.002980344787660546 -0.002892945768501274
0.00297750508203177 -0.002839705628776036
0.002975337413182847 -0.002167668848922829
0.002974104244636092 -0.001233168546755335
0.002974025722292186 -7.852234390611987e-05
0.002975238076287282 0.001212353995096258
0.002978024876651691 0.002786800364408711
0.00298485444642331 0.006829569771619505
0.003011401250542526 0.02654680411921578
0.00307117805027528 0.05977679973275408
0.003161747827762736 0.09056977748745634
0.003259670893695962 0.09792306593322608
0.00329520858326444 0.03553768956847739
0.003292028267563776 -0.003180315700663291
0.003295828851100453 0.003800583536676429
0.003314362316425358 0.01853346532490474
0.003350747386209897 0.03638506978453915
0.003449859717200694 0.09911233099079743
0.003570658481198439 0.1207987639977449
0.003526192888110127 -0.04446559308831245
0.003421127629026466 -0.1050652590836609
0.003413835089487778 -0.007292539538687921
0.003450870005692797 0.037034916205019
0.003591092988999715 0.1402229833069183
0.003750573288493529 0.1594802994938135
0.003685776599352299 -0.06479668914122953
0.003715616833761301 0.02984023440900192
0.003709063788960309 -0.006553044800992197
0.003694337044759333 -0.01472674420097565
0.003697526063734484 0.003189018975150674
0.003780893036266796 0.08336697253231258
0.003882688474675343 0.1017954384085469
0.003972099838546106 0.08941136387076226
0.004058235385738595 0.08613554719248943
0.004120588855879277 0.06235347014068183
0.004152864366665419 0.03227551078614256
0.004151609917262624 -0.001254449402795371
0.004122400420497781 -0.02920949676484333
0.004096195416544088 -0.02620500395369291
0.004091904377811861 -0.004291038732226644
0.004271507188255853 0.1796028104439915
0.004234253563615608 -0.03725362464024416
0.00437935637189348 0.1451028082778711
0.0044399047171291 0.06054834523562015
0.004456124406566908 0.01621968943780853
0.004505335932667824 0.04921152610091583
0.004506444505684445 0.001108573016620797
0.00450696254809043 0.0005180424059846728
0.004507925405770405 0.000962857679975837
0.004515158206410299 0.007232800639894038
0.004530507712742238 0.01534950633193862
0.004551659884818163 0.02115217207592467
0.004574247531151578 0.02258764633341574
0.004595560119196197 0.0213125880446181
0.004612830771371055 0.01727065217485817
0.004559485388383215 -0.05334538298784001
0.004501855189475179 -0.05763019890803536
0.004395909828983456 -0.1059453604917229
0.004252973142705396 -0.1429366862780602
0.004175518737951679 -0.07745440475371689
0.0041401963156329 -0.03532242231877973
0.004159460020812453 0.01926370517955304
0.00422035386665036 0.06089384583790689
0.004292966984288711 0.07261311763835133
0.004342829649428109 0.0498626651393979
0.004354524571580779 0.01169492215267066
0.004334154098084858 -0.02037047349592175
0.004293454928895416 -0.04069916918944191
0.004240904844087066 -0.05255008480834975
0.004180812597545275 -0.06009224654179076
0.004115963929272696 -0.06484866827257979
0.004047753652492127 -0.06821027678056892
0.003977717424340627 -0.07003622815149931
0.003913847767249925 -0.06386965709070241
0.004020789205214426 0.1069414379645016
0.004710396970738705 0.6896077655242786
0.005810649556080227 1.100252585341522
0.007078706981398165 1.268057425317938
0.008299746924661419 1.221039943263254
0.009381855751694701 1.082108827033282
0.01047777659818877 1.095920846494073
0.01148000778374684 1.002231185558065
0.01236463576780822 0.8846279840613851
0.01312169621619785 0.7570604483896244
0.01377293196566085 0.6512357494629986
0.01453841618479686 0.7654842191360169
0.01537642392955398 0.8380077447571136
0.01597335962261356 0.5969356930595801
0.01655597568437606 0.5826160617625059
0.01712050640521338 0.564530720837314
0.01767976100103576 0.5592545958223796
0.01814710843279358 0.4673474317578238
0.01871201892174975 0.5649104889561656
0.0190740081271572 0.361989205407455
0.01974163173377223 0.6676236066150316
0.02023821472577385 0.4965829920016186
0.02075096968383734 0.5127549580634904
0.02120726209657744 0.4562924127400961
0.0216833343516609 0.4760722550834588
0.02215869351071062 0.4753591590497194
0.02263399326105234 0.4752997503417212
0.02312262672890681 0.4886334678544726
0.02362039810469738 0.4977713757905664
0.02412220984270747 0.5018117380100918
0.0246249416023501 0.5027317596426328
0.02512490539600548 0.4999637936553836
0.02561778692731316 0.492881531307679
0.0260988114995101 0.4810245721969322
0.02656278381493746 0.4639723154273613
0.02700407974823258 0.4412959332951195
0.02741658071546545 0.4125009672328768
0.02785009577021211 0.433515054746654
0.02867901269340506 0.8289169231929516
0.02932283637971659 0.6438236863115336
0.0301891678086932 0.8663314289766022
0.03089668624702476 0.7075184383315662
0.03183845820241019 0.9417719553854315
0.03245084190558205 0.6123837031718551
0.03315432787368723 0.703485968105183
0.03396646083928697 0.8121329655997391
0.03494682918535925 0.9803683460722842
0.03580795503360115 0.8611258482418976
0.03658980427645472 0.7818492428535647
0.03733168054882657 0.7418762723718566
0.03805477172535623 0.723091176529661
0.03876996713688728 0.7151954115310472
0.03947103321486985 0.701066077982565
0.04015435563589073 0.6833224210208849
0.0408182412219451 0.6638855860543676
0.04146092848361788 0.6426872616727766
0.04208049114762527 0.6195626640073948
0.04267495370208234 0.5944625544570675
0.04324234690571254 0.5673932036302023
0.04378057139332805 0.5382244876155142
0.04428749319233029 0.5069217990022398
0.04476060470804062 0.4731115157103269
0.04519729985259795 0.4366951445573322
0.04559484452015444 0.397544667556482
0.04595023090237567 0.355386382221233
0.04626017555830938 0.3099446559337096
0.04652113994863888 0.2609643903295003
0.04672923587237172 0.2080959237328386
0.04688002283943486 0.1507869670631379
0.0469686016467555 0.08857880732064671
0.04698980053009842 0.02119888334291969
0.04693835349592432 -0.05144703417410412
0.04680891890314601 -0.1294345927783103
0.04659603791138429 -0.21288099176172
0.04629408947373509 -0.3019484376491979
0.0458973421794668 -0.3967472942682931
0.04540006559525463 -0.4972765842121696
0.04479662842571455 -0.6034371695400816
0.04408160047394438 -0.7150279517701627
0.04324998164920095 -0.8316188247434325
0.04229755504382451 -0.9524266053764426
0.04122440402484668 -1.073151018977827
0.040127802662109 -1.096601362737683
0.03913601965594515 -0.9917830061638433
0.03823370844559983 -0.9023112103453274
0.03737172496228958 -0.8619834833102427
0.03652165389888235 -0.8500710634072317
0.03571244625952032 -0.8092076393620348
0.0349364088029009 -0.7760374566194161
0.03417675547120842 -0.7596533316924781
0.03342446552779455 -0.752289943413871
0.03267525301226958 -0.749212515524969
0.0319275751113819 -0.747677900887679
0.03118132110056525 -0.7462540108166549
0.03043700794234305 -0.7443131582222026
0.02969533927651009 -0.7416686658329521
0.02895701690951349 -0.7383223669966062
0.02822268738050844 -0.7343295290050434
0.02749288327108978 -0.7298041094186621
0.0267680939010828 -0.7247893700069834
0.02604879082807603 -0.7193030730067648
0.02533574270986046 -0.7130481182155701
0.02462969610994882 -0.706046599911643
0.02393121517917 -0.6984809307788233
0.0232405144468285 -0.6907007323414954
0.02255789820546937 -0.6826162413591276
0.02188344228714433 -0.6744559183250419
0.02121808870647563 -0.6653535806687011
0.02056157964439225 -0.6565090620833762
0.01991407201261789 -0.6475076317743605
0.01927629463391899 -0.6377773786989046
0.01864896912448538 -0.6273255094336113
0.01803325581185451 -0.6157133126308729
0.01743014638928555 -0.6031094225689531
0.01684050701721536 -0.589639372070197
0.01626441686319842 -0.5760901540169324
0.01570234152070436 -0.5620753424940595
0.01515496971213911 -0.5473718085652578
0.01462301033627525 -0.5319593758638507
0.01410713374602689 -0.5158765902483677
0.01360804600374879 -0.4990877422780988
0.01312647421715354 -0.4815717865952526
0.0126631541393755 -0.4633200777780355
0.01221881734780384 -0.4443367915716607
0.01179420519549861 -0.4246121523052253
0.01139008775524788 -0.4041174402507324
0.01100710253404015 -0.3829852212077298
0.01064619158786376 -0.3609109461763897
0.01030840728230477 -0.3377843055589937
0.009994523215475788 -0.3138840668289802
0.009705065308518267 -0.2894579069575212
0.009441048864055048 -0.2640164444632185
0.009203005724041922 -0.2380431400131264
0.008992048624996613 -0.2109570990453096
0.008808837683185331 -0.1832109418112814
0.008651489952190708 -0.1573477309946228
0.008512632159335527 -0.1388577928551817
0.008386997745940414 -0.1256344133951127
0.008273372385074154 -0.1136253608662596
0.008171434476798127 -0.1019379082760272
0.008079076757775873 -0.09235771902225444
0.007994565914929922 -0.08451084284595047
0.007917492244738096 -0.07707367019182607
0.007847629015370415 -0.06986322936768097
0.007784713436143282 -0.06291557922713259
0.007728431130046977 -0.0562823060963058
0.007678433495765727 -0.04999763428124946
0.007758758896142857 0.0803254003771299
0.00816110100543751 0.4023421092946531
0.008858535696194264 0.6974346907567541
0.009831551147126852 0.9730154509325871
0.01087508981922311 1.043538672096261
0.0115905385124747 0.7154486932515886
0.01203297371723176 0.4424352047570617
0.01234453464796886 0.3115609307371009
0.01265627195366453 0.3117373056956627
0.01292193683953458 0.2656648858700497
0.0130771227018033 0.1551858622687221
0.01320454488304173 0.127422181238436
0.01324584639852966 0.04130151548792198
0.01328296168801953 0.03711528948987727
0.0133098669530886 0.02690526506906286
0.01332286930914627 0.01300235605767794
0.01331923245954735 -0.003636849598925504
0.01329737391618645 -0.02185854336089407
0.01335423060893362 0.03914758504128778
0.01339048981258039 0.03625920364676988
0.01338680429711516 -0.01602284010815587
0.01334547470946016 -0.04132958765500246
0 0
0 0
0 0
0 0
0 0
0 0
0 0
0 0
0 0
0 0
0 0
0 0
0 0
0 0
0 0
0 0
0 0
0 0
0 0
0 0
0 0
0 0
0 0
0 0
0 0
0 0
0 0
0 0
0 0
0 0
0 0
0 0
0 0
0 0
0 0
0 0
0 0
0 0
0 0
