-0.001052913431911693 -1.052913431911693
0.0009894369211520173 2.04235035306371
0.0009894369211520173 0
0.0009894369211520173 0
0.0009894369211520173 0
0.0009894369211520173 0
0.0009894369211520173 0
0.0009894369211520173 0
0.0009894369211520173 0
0.0009894369211520173 0
0.0009894369211520173 0
0.0009894369211520173 0
0.0009894369211520173 0
0.0009894369211520173 0
0.0009894369211520173 0
0.0009894369211520173 0
0.0009894369211520173 0
0.0009894369211520173 0
0.0009894369211520173 0
0.0009894369211520173 0
0.0009894369211520173 0
0.0009894369211520173 0
0.0009894369211520173 0
0.0009894369211520173 0
0.0009894369211520173 0
0.0009894369211520173 0
0.0009894369211520173 0
0.0009894369211520173 0
0.0009894369211520173 0
0.0009894369211520173 0
0.0009894369211520173 0
0.0009894369211520173 0
0.0009894369211520173 0
0.0009894369211520173 0
0.0009894369211520173 0
0.0009894369211520173 0
0.0009894369211520173 0
0.0009894369211520173 0
0.0009894369211520173 0
0.0009894369211520173 0
0.0009894369211520173 0
0.0009894369211520173 0
0.0009894369211520173 0
0.0009894369211520173 0
0.0009894369211520173 0
0.0009894369211520173 0
0.0009894369211520173 0
0.0009894369211520173 0
0.0009894369211520173 0
0.0009894369211520173 0
0.0009894369211520173 0
0.0009894369211520173 0
0.0009894369211520173 0
0.0009894369211520173 0
0.0009894369211520173 0
0.0009894369211520173 0
0.0009894369211520173 0
0.0009894369211520173 0
0.0009894369211520173 0
0.0009894369211520173 0
0.0009894369211520173 0
0.0009894369211520173 0
0.0009894369211520173 0
0.0003496359659179511 -0.6398009552340661
-0.001115126720854937 -1.464762686772888
-0.001115126720854937 0
-0.001115126720854937 0
-0.001115126720854937 0
-0.001115126720854937 0
-0.001115126720854937 0
-0.001115126720854937 0
-0.001115126720854937 0
-0.001115126720854937 0
-0.001115126720854937 0
-0.001115126720854937 0
-0.001115126720854937 0
-0.001115126720854937 0
-0.001115126720854937 0
-0.001115126720854937 0
-0.001115126720854937 0
-0.001115126720854937 0
-0.001115126720854937 0
-0.001115126720854937 0
-0.00855203884996489 -7.436912129109953
-0.00855203884996489 0
-0.00855203884996489 0
-0.00855203884996489 0
-0.00855203884996489 0
-0.00855203884996489 0
-0.00855203884996489 0
-0.00855203884996489 0
-0.00855203884996489 0
-0.00855203884996489 0
-0.00855203884996489 0
-0.00855203884996489 0
-0.00855203884996489 0
-0.00855203884996489 0
-0.00855203884996489 0
-0.00855203884996489 0
-0.00855203884996489 0
-0.00855203884996489 0
-0.00855203884996489 0
-0.00855203884996489 0
-0.00855203884996489 0
-0.00855203884996489 0
-0.00855203884996489 0
-0.00855203884996489 0
-0.00855203884996489 0
-0.00855203884996489 0
-0.00855203884996489 0
-0.00855203884996489 0
-0.00855203884996489 0
-0.00855203884996489 0
-0.00855203884996489 0
-0.00855203884996489 0
-0.00855203884996489 0
-0.00855203884996489 0
-0.00855203884996489 0
-0.00855203884996489 0
-0.00855203884996489 0
-0.00855203884996489 0
-0.00855203884996489 0
-0.00855203884996489 0
-0.00855203884996489 0
-0.00855203884996489 0
-0.00855203884996489 0
-0.00855203884996489 0
-0.00855203884996489 0
-0.00855203884996489 0
-0.00855203884996489 0
-0.00855203884996489 0
-0.00855203884996489 0
-0.00855203884996489 0
-0.00855203884996489 0
-0.00855203884996489 0
-0.00855203884996489 0
-0.00855203884996489 0
-0.00855203884996489 0
-0.00855203884996489 0
-0.00855203884996489 0
-0.00855203884996489 0
-0.00855203884996489 0
-0.00855203884996489 0
-0.00855203884996489 0
-0.00855203884996489 0
-0.00855203884996489 0
-0.00855203884996489 0
-0.00855203884996489 0
-0.00855203884996489 0
-0.00855203884996489 0
-0.00855203884996489 0
-0.00855203884996489 0
-0.00855203884996489 0
-0.00855203884996489 0
-0.00855203884996489 0
-0.00855203884996489 0
-0.00855203884996489 0
-0.00855203884996489 0
-0.00855203884996489 0
-0.00855203884996489 0
-0.00855203884996489 0
-0.00855203884996489 0
-0.00855203884996489 0
-0.00855203884996489 0
-0.00855203884996489 0
-0.00855203884996489 0
-0.00855203884996489 0
-0.00855203884996489 0
-0.00855203884996489 0
-0.00855203884996489 0
-0.00855203884996489 0
-0.00855203884996489 0
-0.00855203884996489 0
-0.00855203884996489 0
-0.00855203884996489 0
-0.00855203884996489 0
-0.00855203884996489 0
-0.00855203884996489 0
-0.00855203884996489 0
-0.00855203884996489 0
-0.00855203884996489 0
-0.00855203884996489 0
-0.00855203884996489 0
-0.00855203884996489 0
-0.00855203884996489 0
-0.00855203884996489 0
-0.00855203884996489 0
-0.00855203884996489 0
-0.00855203884996489 0
-0.00855203884996489 0
-0.00855203884996489 0
-0.00855203884996489 0
-0.00855203884996489 0
-0.00855203884996489 0
-0.00855203884996489 0
-0.00855203884996489 0
-0.00855203884996489 0
-0.00855203884996489 0
-0.00855203884996489 0
-0.00855203884996489 0
-0.00855203884996489 0
-0.00855203884996489 0
-0.00855203884996489 0
-0.00855203884996489 0
-0.00855203884996489 0
-0.00855203884996489 0
-0.00855203884996489 0
-0.00855203884996489 0
-0.00855203884996489 0
-0.00855203884996489 0
-0.00855203884996489 0
-0.00855203884996489 0
-0.00855203884996489 0
-0.00855203884996489 0
-0.00855203884996489 0
-0.00855203884996489 0
-0.00855203884996489 0
-0.00855203884996489 0
-0.00855203884996489 0
-0.00855203884996489 0
-0.00855203884996489 0
-0.00855203884996489 0
-0.00855203884996489 0
-0.00855203884996489 0
-0.00855203884996489 0
-0.00855203884996489 0
-0.00855203884996489 0
-0.00855203884996489 0
-0.00855203884996489 0
-0.00855203884996489 0
-0.00855203884996489 0
-0.00855203884996489 0
-0.00855203884996489 0
-0.00855203884996489 0
-0.00855203884996489 0
-0.00855203884996489 0
-0.00855203884996489 0
-0.00855203884996489 0
-0.00855203884996489 0
-0.00855203884996489 0
-0.00855203884996489 0
-0.00855203884996489 0
-0.00855203884996489 0
-0.00855203884996489 0
-0.00855203884996489 0
-0.00855203884996489 0
-0.00855203884996489 0
-0.00855203884996489 0
-0.00855203884996489 0
-0.00855203884996489 0
-0.00855203884996489 0
-0.00855203884996489 0
-0.00855203884996489 0
-0.00855203884996489 0
-0.00855203884996489 0
-0.00855203884996489 0
-0.00855203884996489 0
-0.00855203884996489 0
-0.00855203884996489 0
-0.00855203884996489 0
-0.00855203884996489 0
-0.00855203884996489 0
-0.00855203884996489 0
-0.00855203884996489 0
-0.00855203884996489 0
-0.00855203884996489 0
-0.00855203884996489 0
-0.00855203884996489 0
-0.00855203884996489 0
-0.00855203884996489 0
-0.00855203884996489 0
-0.00855203884996489 0
-0.00855203884996489 0
-0.00855203884996489 0
-0.00855203884996489 0
-0.00855203884996489 0
-0.00855203884996489 0
-0.00855203884996489 0
-0.00855203884996489 0
-0.00855203884996489 0
-0.00855203884996489 0
-0.00855203884996489 0
-0.00855203884996489 0
-0.00855203884996489 0
-0.00855203884996489 0
-0.00855203884996489 0
-0.00855203884996489 0
-0.00855203884996489 0
-0.00855203884996489 0
-0.00855203884996489 0
-0.00855203884996489 0
-0.00855203884996489 0
-0.007950238629367484 0.6018002205974062
-0.007310524836503211 0.6397137928642725
0.00203299175252198 9.343516589025191
0.00203299175252198 0
0.00203299175252198 0
0.002098452401204876 0.06546064868289628
0.002687598239350938 0.5891458381460614
0.002687598239350938 0
0.002687598239350938 0
0.002687598239350938 0
0.002687598239350938 0
0.002687598239350938 0
0.002687598239350938 0
0.002687598239350938 0
0.002687598239350938 0
0.002687598239350938 0
0.002687598239350938 0
0.002687598239350938 0
0.002687598239350938 0
0.002687598239350938 0
0.002687598239350938 0
0.002687598239350938 0
0.002687598239350938 0
0.002687598239350938 0
0.002687598239350938 0
0.002687598239350938 0
0.002687598239350938 0
0.002687598239350938 0
0.002687598239350938 0
0.002687598239350938 0
0.002687598239350938 0
0.002687598239350938 0
0.002687598239350938 0
0.002687598239350938 0
0.002687598239350938 0
0.002687598239350938 0
0.002687598239350938 0
0.002687598239350938 0
0.002687598239350938 0
0.002687598239350938 0
0.002687598239350938 0
0.002687598239350938 0
0.002687598239350938 0
0.002687598239350938 0
0.002687598239350938 0
0.002687598239350938 0
0.002687598239350938 0
0.002687598239350938 0
0.002687598239350938 0
0.002687598239350938 0
0.002687598239350938 0
0.002687598239350938 0
0.002687598239350938 0
0.002687598239350938 0
0.002687598239350938 0
0.002687598239350938 0
0.002687598239350938 0
0.002687598239350938 0
0.002687598239350938 0
0.002687598239350938 0
0.002687598239350938 0
0.002687598239350938 0
0.002687598239350938 0
0.002687598239350938 0
0.002687598239350938 0
0.002687598239350938 0
0.002687598239350938 0
0.002687598239350938 0
0.002687598239350938 0
0.002687598239350938 0
0.002687598239350938 0
0.002687598239350938 0
0.002687598239350938 0
0.002687598239350938 0
0.002687598239350938 0
0.002687598239350938 0
0.002687598239350938 0
0.002687598239350938 0
0.002687598239350938 0
0.002687598239350938 0
0.002687598239350938 0
0.002687598239350938 0
0.002687598239350938 0
0.002687598239350938 0
0.002687598239350938 0
0.002687598239350938 0
0.002687598239350938 0
0.002687598239350938 0
0.002687598239350938 0
0.002687598239350938 0
0.002687598239350938 0
0.002687598239350938 0
0.002687598239350938 0
0.002687598239350938 0
0.002687598239350938 0
0.002687598239350938 0
0.002687598239350938 0
0.002687598239350938 0
0.002687598239350938 0
0.002687598239350938 0
0.002687598239350938 0
0.002687598239350938 0
0.002687598239350938 0
0.002687598239350938 0
0.002687598239350938 0
0.002687598239350938 0
0.002687598239350938 0
0.002687598239350938 0
0.002687598239350938 0
0.002687598239350938 0
0.002687598239350938 0
0.002687598239350938 0
0.002687598239350938 0
0.002687598239350938 0
0.002687598239350938 0
0.002687598239350938 0
0.002687598239350938 0
0.002687598239350938 0
0.002687598239350938 0
0.002687598239350938 0
0.002687598239350938 0
0.002687598239350938 0
0.002687598239350938 0
0.002687598239350938 0
0.002687598239350938 0
0.002687598239350938 0
0.002687598239350938 0
0.002687598239350938 0
0.002687598239350938 0
0.002687598239350938 0
0.002687598239350938 0
0.002687598239350938 0
0.002687598239350938 0
0.002687598239350938 0
0.002687598239350938 0
0.002687598239350938 0
0.002687598239350938 0
0.002687598239350938 0
0.002687598239350938 0
0.002687598239350938 0
0.002687598239350938 0
0.002687598239350938 0
0.002687598239350938 0
0.002687598239350938 0
0.002687598239350938 0
0.002687598239350938 0
0.002687598239350938 0
0.002687598239350938 0
0.002687598239350938 0
0.002687598239350938 0
0.002687598239350938 0
0.002687598239350938 0
0.002687598239350938 0
0.002687598239350938 0
0.002687598239350938 0
0.002687598239350938 0
0.002687598239350938 0
0.002687598239350938 0
0.002300611600873625 -0.3869866384773124
0.002687598239350938 0.3869866384773124
0.002687598239350938 0
0.002687598239350938 0
0.002687598239350938 0
0.002687598239350938 0
0.002433586582816402 -0.2540116565345361
0.004560506812912883 1.158436582985593
0.005424277755086392 0.8637709421735091
0.005622284588202009 0
0.005622284588202009 0
0 0
0 0
0 0
0 0
0 0
0 0
0 0
0 0
0 0
0 0
0 0
0 0
0 0
0 0
0 0
0 0
0 0
0 0
0 0
0 0
0 0
0 0
0 0
0 0
0 0
0 0
0 0
0 0
0 0
0 0
0 0
0 0
0 0
0 0
0 0
0 0
0 0
0 0
0 0
