-0.0007830559814777539 -0.7830559814777539
-0.0002162935444801762 0.5667624369975777
-0.0002162935444801762 0
-0.0002162935444801762 0
-0.0002162935444801762 0
-0.0002162935444801762 0
-0.0002162935444801762 0
-0.0002162935444801762 0
-0.0002162935444801762 0
-0.0002162935444801762 0
-0.0002162935444801762 0
-0.0002162935444801762 0
-0.0002162935444801762 0
-0.0002162935444801762 0
-0.0002162935444801762 0
-0.0002162935444801762 0
-0.0002162935444801762 0
-0.0002162935444801762 0
-0.0002162935444801762 0
-0.0002162935444801762 0
-0.0002162935444801762 0
-0.0002162935444801762 0
-0.0002162935444801762 0
-0.0002162935444801762 0
-0.0002162935444801762 0
-0.0002162935444801762 0
-0.0002162935444801762 0
-0.0002162935444801762 0
-0.0002162935444801762 0
-0.0002162935444801762 0
-0.0002162935444801762 0
-0.0002162935444801762 0
-0.0002162935444801762 0
-0.0002162935444801762 0
-0.0002162935444801762 0
-0.0002162935444801762 0
-0.0002162935444801762 0
-0.0002162935444801762 0
-0.0002162935444801762 0
-0.0002162935444801762 0
-0.0002162935444801762 0
-0.0002162935444801762 0
-0.0002162935444801762 0
-0.0002162935444801762 0
-0.0002162935444801762 0
-0.0002162935444801762 0
-0.0002162935444801762 0
-0.0002162935444801762 0
-0.0002162935444801762 0
-0.0002162935444801762 0
-0.0002162935444801762 0
-0.0002162935444801762 0
-0.0002162935444801762 0
-0.0002162935444801762 0
-0.0002162935444801762 0
-0.0002162935444801762 0
-0.0002162935444801762 0
-0.0002162935444801762 0
-0.0002162935444801762 0
-0.0002162935444801762 0
-0.0002162935444801762 0
-0.0002162935444801762 0
-0.0002162935444801762 0
-0.0002124901298827871 0.003803414597389193
-0.001799582240271242 -1.587092110388455
-0.002098452401204876 -0.2988701609336342
-0.002687598239350938 -0.5891458381460614
-0.002687598239350938 0
-0.002687598239350938 0
-0.002687598239350938 0
-0.002687598239350938 0
-0.002687598239350938 0
-0.002687598239350938 0
-0.002687598239350938 0
-0.002687598239350938 0
-0.002687598239350938 0
-0.002687598239350938 0
-0.002687598239350938 0
-0.002687598239350938 0
-0.002687598239350938 0
-0.002687598239350938 0
-0.002687598239350938 0
-0.002687598239350938 0
-0.002687598239350938 0
-0.002687598239350938 0
-0.002687598239350938 0
-0.002687598239350938 0
-0.002687598239350938 0
-0.002687598239350938 0
-0.002687598239350938 0
-0.002687598239350938 0
-0.002687598239350938 0
-0.002687598239350938 0
-0.002687598239350938 0
-0.002687598239350938 0
-0.002687598239350938 0
-0.002687598239350938 0
-0.002687598239350938 0
-0.002687598239350938 0
-0.002687598239350938 0
-0.002687598239350938 0
-0.002687598239350938 0
-0.002687598239350938 0
-0.002687598239350938 0
-0.002687598239350938 0
-0.002687598239350938 0
-0.002687598239350938 0
-0.002687598239350938 0
-0.002687598239350938 0
-0.002687598239350938 0
-0.002687598239350938 0
-0.002687598239350938 0
-0.002687598239350938 0
-0.002687598239350938 0
-0.002687598239350938 0
-0.002687598239350938 0
-0.002687598239350938 0
-0.002687598239350938 0
-0.002687598239350938 0
-0.002687598239350938 0
-0.002687598239350938 0
-0.002687598239350938 0
-0.002687598239350938 0
-0.002687598239350938 0
-0.002687598239350938 0
-0.002687598239350938 0
-0.002687598239350938 0
-0.002687598239350938 0
-0.002687598239350938 0
-0.002687598239350938 0
-0.002687598239350938 0
-0.002687598239350938 0
-0.002687598239350938 0
-0.002687598239350938 0
-0.002687598239350938 0
-0.002687598239350938 0
-0.002687598239350938 0
-0.002687598239350938 0
-0.002687598239350938 0
-0.002687598239350938 0
-0.002687598239350938 0
-0.002687598239350938 0
-0.002687598239350938 0
-0.002687598239350938 0
-0.002687598239350938 0
-0.002687598239350938 0
-0.002687598239350938 0
-0.002687598239350938 0
-0.002687598239350938 0
-0.002687598239350938 0
-0.002687598239350938 0
-0.002687598239350938 0
-0.002687598239350938 0
-0.002687598239350938 0
-0.002687598239350938 0
-0.002687598239350938 0
-0.002687598239350938 0
-0.002687598239350938 0
-0.002687598239350938 0
-0.002687598239350938 0
-0.002687598239350938 0
-0.002687598239350938 0
-0.002687598239350938 0
-0.002687598239350938 0
-0.002687598239350938 0
-0.002687598239350938 0
-0.002687598239350938 0
-0.002687598239350938 0
-0.002687598239350938 0
-0.002687598239350938 0
-0.002687598239350938 0
-0.002687598239350938 0
-0.002687598239350938 0
-0.002687598239350938 0
-0.002687598239350938 0
-0.002687598239350938 0
-0.002687598239350938 0
-0.002687598239350938 0
-0.002687598239350938 0
-0.002687598239350938 0
-0.002687598239350938 0
-0.002687598239350938 0
-0.002687598239350938 0
-0.002687598239350938 0
-0.002687598239350938 0
-0.002687598239350938 0
-0.002687598239350938 0
-0.002687598239350938 0
-0.002687598239350938 0
-0.002687598239350938 0
-0.002687598239350938 0
-0.002687598239350938 0
-0.002687598239350938 0
-0.002687598239350938 0
-0.002687598239350938 0
-0.002687598239350938 0
-0.002687598239350938 0
-0.002687598239350938 0
-0.002687598239350938 0
-0.002687598239350938 0
-0.002687598239350938 0
-0.002687598239350938 0
-0.002687598239350938 0
-0.002687598239350938 0
-0.002687598239350938 0
-0.002687598239350938 0
-0.002687598239350938 0
-0.002687598239350938 0
-0.002687598239350938 0
-0.002687598239350938 0
-0.002687598239350938 0
-0.0008259467196843693 1.861651519666568
-0.0008259467196843693 0
-0.0008259467196843693 0
-0.0008259467196843693 0
-0.0008259467196843693 0
-0.0008259467196843693 0
-0.0008259467196843693 0
-0.0008259467196843693 0
-0.0008259467196843693 0
-0.0008259467196843693 0
-0.0008259467196843693 0
-0.0008259467196843693 0
-0.0008259467196843693 0
-0.0008259467196843693 0
-0.0008259467196843693 0
-0.0008259467196843693 0
-0.0008259467196843693 0
-0.0008259467196843693 0
-0.000685019362569264 0.1409273571151053
-0.0009894369211520173 -0.4610035109328702
-0.0009894369211520173 0
-0.0009894369211520173 0
-0.0009894369211520173 0
-0.0009894369211520173 0
-0.0009894369211520173 0
-0.0009894369211520173 0
-0.0009894369211520173 0
-0.0009894369211520173 0
-0.0009894369211520173 0
-0.0009894369211520173 0
-0.0009894369211520173 0
-0.0009894369211520173 0
-0.0009894369211520173 0
-0.0009894369211520173 0
-0.0009894369211520173 0
-0.0009894369211520173 0
-0.0009894369211520173 0
-0.0009894369211520173 0
-0.0009894369211520173 0
-0.0009894369211520173 0
-0.0009894369211520173 0
-0.0009894369211520173 0
-0.0009894369211520173 0
-0.0009894369211520173 0
-0.0009894369211520173 0
-0.0009894369211520173 0
-0.0009894369211520173 0
-0.0009894369211520173 0
-0.0009894369211520173 0
-0.0009894369211520173 0
-0.0009894369211520173 0
-0.0009894369211520173 0
-0.0009894369211520173 0
-0.0009894369211520173 0
-0.0009894369211520173 0
-0.0009894369211520173 0
-0.0009894369211520173 0
-0.0009894369211520173 0
-0.0009894369211520173 0
-0.0009894369211520173 0
-0.0009894369211520173 0
-0.0009894369211520173 0
-0.0009894369211520173 0
-0.0009894369211520173 0
-0.0009894369211520173 0
-0.0009894369211520173 0
-0.0009894369211520173 0
-0.0009894369211520173 0
-0.0009894369211520173 0
-0.0009894369211520173 0
-0.0009894369211520173 0
-0.0009894369211520173 0
-0.0009894369211520173 0
-0.0009894369211520173 0
-0.0009894369211520173 0
-0.0009894369211520173 0
-0.0009894369211520173 0
-0.0009894369211520173 0
-0.0009894369211520173 0
-0.0009894369211520173 0
-0.0007576395882406673 0.23179733291135
-0.0002826498958342342 0.4749896924064331
0.0008499303670014817 1.132580262835716
0.00855203884996489 7.702108482963408
0.00855203884996489 0
0.00855203884996489 0
0.00855203884996489 0
0.00855203884996489 0
0.00855203884996489 0
0.00855203884996489 0
0.00855203884996489 0
0.00855203884996489 0
0.00855203884996489 0
0.00855203884996489 0
0.00855203884996489 0
0.00855203884996489 0
0.00855203884996489 0
0.00855203884996489 0
0.00855203884996489 0
0.00855203884996489 0
0.00855203884996489 0
0.00855203884996489 0
0.00855203884996489 0
0.00855203884996489 0
0.00855203884996489 0
0.00855203884996489 0
0.00855203884996489 0
0.00855203884996489 0
0.00855203884996489 0
0.00855203884996489 0
0.00855203884996489 0
0.00855203884996489 0
0.00855203884996489 0
0.00855203884996489 0
0.00855203884996489 0
0.00855203884996489 0
0.00855203884996489 0
0.00855203884996489 0
0.00855203884996489 0
0.00855203884996489 0
0.00855203884996489 0
0.00855203884996489 0
0.00855203884996489 0
0.00855203884996489 0
0.00855203884996489 0
0.00855203884996489 0
0.00855203884996489 0
0.00855203884996489 0
0.00855203884996489 0
0.00855203884996489 0
0.00855203884996489 0
0.00855203884996489 0
0.00855203884996489 0
0.00855203884996489 0
0.00855203884996489 0
0.00855203884996489 0
0.00855203884996489 0
0.00855203884996489 0
0.00855203884996489 0
0.00855203884996489 0
0.00855203884996489 0
0.00855203884996489 0
0.00855203884996489 0
0.00855203884996489 0
0.00855203884996489 0
0.00855203884996489 0
0.00855203884996489 0
0.00855203884996489 0
0.00855203884996489 0
0.00855203884996489 0
0.00855203884996489 0
0.00855203884996489 0
0.00855203884996489 0
0.00855203884996489 0
0.00855203884996489 0
0.00855203884996489 0
0.00855203884996489 0
0.00855203884996489 0
0.00855203884996489 0
0.00855203884996489 0
0.00855203884996489 0
0.00855203884996489 0
0.00855203884996489 0
0.00855203884996489 0
0.00855203884996489 0
0.00855203884996489 0
0.00855203884996489 0
0.00855203884996489 0
0.00855203884996489 0
0.00855203884996489 0
0.00855203884996489 0
0.00855203884996489 0
0.00855203884996489 0
0.00855203884996489 0
0.00855203884996489 0
0.00855203884996489 0
0.00855203884996489 0
0.00855203884996489 0
0.00855203884996489 0
0.00855203884996489 0
0.00855203884996489 0
0.00855203884996489 0
0.00855203884996489 0
0.00855203884996489 0
0.00855203884996489 0
0.00855203884996489 0
0.00855203884996489 0
0.00855203884996489 0
0.00855203884996489 0
0.00855203884996489 0
0.00855203884996489 0
0.00855203884996489 0
0.00855203884996489 0
0.00855203884996489 0
0.00855203884996489 0
0.00855203884996489 0
0.00855203884996489 0
0.00855203884996489 0
0.00855203884996489 0
0.00855203884996489 0
0.00855203884996489 0
0.00855203884996489 0
0.00855203884996489 0
0.00855203884996489 0
0.00855203884996489 0
0.00855203884996489 0
0.00855203884996489 0
0.00855203884996489 0
0.00855203884996489 0
0.00855203884996489 0
0.00855203884996489 0
0.00855203884996489 0
0.00855203884996489 0
0.00855203884996489 0
0.00855203884996489 0
0.00855203884996489 0
0.00855203884996489 0
0.00855203884996489 0
0.00855203884996489 0
0.00855203884996489 0
0.00855203884996489 0
0.00855203884996489 0
0.00855203884996489 0
0.00855203884996489 0
0.00855203884996489 0
0.00855203884996489 0
0.00855203884996489 0
0.00855203884996489 0
0.00855203884996489 0
0.00855203884996489 0
0.00855203884996489 0
0.00855203884996489 0
0.00855203884996489 0
0.00855203884996489 0
0.00855203884996489 0
0.00855203884996489 0
0.00855203884996489 0
0.00855203884996489 0
0.00855203884996489 0
0.003439782221337116 -5.112256628627774
0.00855203884996489 5.112256628627774
0.00855203884996489 0
0.00855203884996489 0
0.00855203884996489 0
0.00855203884996489 0
0.003803166263736503 -4.748872586228386
0.02682562813379835 20.91682821511182
0.04522950287727947 0
0.04049758875826599 -4.731914119013483
0.0504871852317389 9.989596473472909
0.05632905451447159 0
0.05632905451447159 0
0.05632905451447159 0
0.05632905451447159 0
0.05632905451447159 0
0.05632905451447159 0
0.05632905451447159 0
0.05632905451447159 0
0.05632905451447159 0
0.05632905451447159 0
0.05632905451447159 0
0.05632905451447159 0
0.05632905451447159 0
0.05632905451447159 0
0.05632905451447159 0
0.05632905451447159 0
0.05632905451447159 0
0.05632905451447159 0
0.05632905451447159 0
0.05632905451447159 0
0.05632905451447159 0
0.05632905451447159 0
0.05632905451447159 0
0 0
0 0
0 0
0 0
0 0
0 0
0 0
0 0
0 0
0 0
0 0
0 0
0 0
0 0
0 0
0 0
