0.001859491382650206 1.859491382650206
0.0005136235359887648 -1.345867846661441
0.0005136235359887648 0
0.0005136235359887648 0
0.0005136235359887648 0
0.0005136235359887648 0
0.0005136235359887648 0
0.0005136235359887648 0
0.0005136235359887648 0
0.0005136235359887648 0
0.0005136235359887648 0
0.0005136235359887648 0
0.0005136235359887648 0
0.0005136235359887648 0
0.0005136235359887648 0
0.0005136235359887648 0
0.0005136235359887648 0
0.0005136235359887648 0
0.0005136235359887648 0
0.0005136235359887648 0
0.0005136235359887648 0
0.0005136235359887648 0
0.0005136235359887648 0
0.0005136235359887648 0
0.0005136235359887648 0
0.0005136235359887648 0
0.0005136235359887648 0
0.0005136235359887648 0
0.0005136235359887648 0
0.0005136235359887648 0
0.0005136235359887648 0
0.0005136235359887648 0
0.0005136235359887648 0
0.0005136235359887648 0
0.0005136235359887648 0
0.0005136235359887648 0
0.0005136235359887648 0
0.0005136235359887648 0
0.0005136235359887648 0
0.0005136235359887648 0
0.0005136235359887648 0
0.0005136235359887648 0
0.0005136235359887648 0
0.0005136235359887648 0
0.0005136235359887648 0
0.0005136235359887648 0
0.0005136235359887648 0
0.0005136235359887648 0
0.0005136235359887648 0
0.0005136235359887648 0
0.0005136235359887648 0
0.0005136235359887648 0
0.0005136235359887648 0
0.0005136235359887648 0
0.0005136235359887648 0
0.0005136235359887648 0
0.0005136235359887648 0
0.0005136235359887648 0
0.0005136235359887648 0
0.0005136235359887648 0
0.0005136235359887648 0
0.0005136235359887648 0
0.0005136235359887648 0
0.0005045917211047973 -0.009031814883967542
0.004273395194350858 3.76880347324606
0.004983110083110903 0.7097148887600448
0.00638213088758701 1.399020804476107
0.00638213088758701 0
0.00638213088758701 0
0.00638213088758701 0
0.00638213088758701 0
0.00638213088758701 0
0.00638213088758701 0
0.00638213088758701 0
0.00638213088758701 0
0.00638213088758701 0
0.00638213088758701 0
0.00638213088758701 0
0.00638213088758701 0
0.00638213088758701 0
0.00638213088758701 0
0.00638213088758701 0
0.00638213088758701 0
0.00638213088758701 0
0.00638213088758701 0
0.00638213088758701 0
0.00638213088758701 0
0.00638213088758701 0
0.00638213088758701 0
0.00638213088758701 0
0.00638213088758701 0
0.00638213088758701 0
0.00638213088758701 0
0.00638213088758701 0
0.00638213088758701 0
0.00638213088758701 0
0.00638213088758701 0
0.00638213088758701 0
0.00638213088758701 0
0.00638213088758701 0
0.00638213088758701 0
0.00638213088758701 0
0.00638213088758701 0
0.00638213088758701 0
0.00638213088758701 0
0.00638213088758701 0
0.00638213088758701 0
0.00638213088758701 0
0.00638213088758701 0
0.00638213088758701 0
0.00638213088758701 0
0.00638213088758701 0
0.00638213088758701 0
0.00638213088758701 0
0.00638213088758701 0
0.00638213088758701 0
0.00638213088758701 0
0.00638213088758701 0
0.00638213088758701 0
0.00638213088758701 0
0.00638213088758701 0
0.00638213088758701 0
0.00638213088758701 0
0.00638213088758701 0
0.00638213088758701 0
0.00638213088758701 0
0.00638213088758701 0
0.00638213088758701 0
0.00638213088758701 0
0.00638213088758701 0
0.00638213088758701 0
0.00638213088758701 0
0.00638213088758701 0
0.00638213088758701 0
0.00638213088758701 0
0.00638213088758701 0
0.00638213088758701 0
0.00638213088758701 0
0.00638213088758701 0
0.00638213088758701 0
0.00638213088758701 0
0.00638213088758701 0
0.00638213088758701 0
0.00638213088758701 0
0.00638213088758701 0
0.00638213088758701 0
0.00638213088758701 0
0.00638213088758701 0
0.00638213088758701 0
0.00638213088758701 0
0.00638213088758701 0
0.00638213088758701 0
0.00638213088758701 0
0.00638213088758701 0
0.00638213088758701 0
0.00638213088758701 0
0.00638213088758701 0
0.00638213088758701 0
0.00638213088758701 0
0.00638213088758701 0
0.00638213088758701 0
0.00638213088758701 0
0.00638213088758701 0
0.00638213088758701 0
0.00638213088758701 0
0.00638213088758701 0
0.00638213088758701 0
0.00638213088758701 0
0.00638213088758701 0
0.00638213088758701 0
0.00638213088758701 0
0.00638213088758701 0
0.00638213088758701 0
0.00638213088758701 0
0.00638213088758701 0
0.00638213088758701 0
0.00638213088758701 0
0.00638213088758701 0
0.00638213088758701 0
0.00638213088758701 0
0.00638213088758701 0
0.00638213088758701 0
0.00638213088758701 0
0.00638213088758701 0
0.00638213088758701 0
0.00638213088758701 0
0.00638213088758701 0
0.00638213088758701 0
0.00638213088758701 0
0.00638213088758701 0
0.00638213088758701 0
0.00638213088758701 0
0.00638213088758701 0
0.00638213088758701 0
0.00638213088758701 0
0.00638213088758701 0
0.00638213088758701 0
0.00638213088758701 0
0.00638213088758701 0
0.00638213088758701 0
0.00638213088758701 0
0.00638213088758701 0
0.00638213088758701 0
0.00638213088758701 0
0.00638213088758701 0
0.00638213088758701 0
0.00638213088758701 0
0.00638213088758701 0
0.00638213088758701 0
0.00638213088758701 0
0.00638213088758701 0
0.003763809803286626 -2.618321084300384
0.003763809803286626 0
0.003763809803286626 0
0.003763809803286626 0
0.003763809803286626 0
0.003763809803286626 0
0.003763809803286626 0
0.003763809803286626 0
0.003763809803286626 0
0.003763809803286626 0
0.003763809803286626 0
0.003763809803286626 0
0.003763809803286626 0
0.003763809803286626 0
0.003763809803286626 0
0.003763809803286626 0
0.003763809803286626 0
0.003763809803286626 0
0.003629429474337373 -0.1343803289492532
0.004152043375301647 0.6719253775745553
0.004152043375301647 0
0.004152043375301647 0
0.004152043375301647 0
0.004152043375301647 0
0.004152043375301647 0
0.004152043375301647 0
0.004152043375301647 0
0.004152043375301647 0
0.004152043375301647 0
0.004152043375301647 0
0.004152043375301647 0
0.004152043375301647 0
0.004152043375301647 0
0.004152043375301647 0
0.004152043375301647 0
0.004152043375301647 0
0.004152043375301647 0
0.004152043375301647 0
0.004152043375301647 0
0.004152043375301647 0
0.004152043375301647 0
0.004152043375301647 0
0.004152043375301647 0
0.004152043375301647 0
0.004152043375301647 0
0.004152043375301647 0
0.004152043375301647 0
0.004152043375301647 0
0.004152043375301647 0
0.004152043375301647 0
0.004152043375301647 0
0.004152043375301647 0
0.004152043375301647 0
0.004152043375301647 0
0.004152043375301647 0
0.004152043375301647 0
0.004152043375301647 0
0.004152043375301647 0
0.004152043375301647 0
0.004152043375301647 0
0.004152043375301647 0
0.004152043375301647 0
0.004152043375301647 0
0.004152043375301647 0
0.004152043375301647 0
0.004152043375301647 0
0.004152043375301647 0
0.004152043375301647 0
0.004152043375301647 0
0.004152043375301647 0
0.004152043375301647 0
0.004152043375301647 0
0.004152043375301647 0
0.004152043375301647 0
0.004152043375301647 0
0.004152043375301647 0
0.004152043375301647 0
0.004152043375301647 0
0.004152043375301647 0
0.004152043375301647 0
0.003601603619696254 -0.5504397556053932
0.002473664799523246 -1.127938820173007
-0.0002158277638670608 -2.689492563390307
-0.005335052594850492 -5.119224830983431
-0.005335052594850492 0
-0.005335052594850492 0
-0.005335052594850492 0
-0.005335052594850492 0
-0.005335052594850492 0
-0.005335052594850492 0
-0.005335052594850492 0
-0.005335052594850492 0
-0.005335052594850492 0
-0.005335052594850492 0
-0.005335052594850492 0
-0.005335052594850492 0
-0.005335052594850492 0
-0.005335052594850492 0
-0.005335052594850492 0
-0.005335052594850492 0
-0.005335052594850492 0
-0.005335052594850492 0
-0.005335052594850492 0
-0.005335052594850492 0
-0.005335052594850492 0
-0.005335052594850492 0
-0.005335052594850492 0
-0.005335052594850492 0
-0.005335052594850492 0
-0.005335052594850492 0
-0.005335052594850492 0
-0.005335052594850492 0
-0.005335052594850492 0
-0.005335052594850492 0
-0.005335052594850492 0
-0.005335052594850492 0
-0.005335052594850492 0
-0.005335052594850492 0
-0.005335052594850492 0
-0.005335052594850492 0
-0.005335052594850492 0
-0.005335052594850492 0
-0.005335052594850492 0
-0.005335052594850492 0
-0.005335052594850492 0
-0.005335052594850492 0
-0.005335052594850492 0
-0.005335052594850492 0
-0.005335052594850492 0
-0.005335052594850492 0
-0.005335052594850492 0
-0.005335052594850492 0
-0.005335052594850492 0
-0.005335052594850492 0
-0.005335052594850492 0
-0.005335052594850492 0
-0.005335052594850492 0
-0.005335052594850492 0
-0.005335052594850492 0
-0.005335052594850492 0
-0.005335052594850492 0
-0.005335052594850492 0
-0.005335052594850492 0
-0.005335052594850492 0
-0.005335052594850492 0
-0.005335052594850492 0
-0.005335052594850492 0
-0.005335052594850492 0
-0.005335052594850492 0
-0.005335052594850492 0
-0.005335052594850492 0
-0.005335052594850492 0
-0.005335052594850492 0
-0.005335052594850492 0
-0.005335052594850492 0
-0.005335052594850492 0
-0.005335052594850492 0
-0.005335052594850492 0
-0.005335052594850492 0
-0.005335052594850492 0
-0.005335052594850492 0
-0.005335052594850492 0
-0.005335052594850492 0
-0.005335052594850492 0
-0.005335052594850492 0
-0.005335052594850492 0
-0.005335052594850492 0
-0.005335052594850492 0
-0.005335052594850492 0
-0.005335052594850492 0
-0.005335052594850492 0
-0.005335052594850492 0
-0.005335052594850492 0
-0.005335052594850492 0
-0.005335052594850492 0
-0.005335052594850492 0
-0.005335052594850492 0
-0.005335052594850492 0
-0.005335052594850492 0
-0.005335052594850492 0
-0.005335052594850492 0
-0.005335052594850492 0
-0.005335052594850492 0
-0.005335052594850492 0
-0.005335052594850492 0
-0.005335052594850492 0
-0.005335052594850492 0
-0.005335052594850492 0
-0.005335052594850492 0
-0.005335052594850492 0
-0.005335052594850492 0
-0.005335052594850492 0
-0.005335052594850492 0
-0.005335052594850492 0
-0.005335052594850492 0
-0.005335052594850492 0
-0.005335052594850492 0
-0.005335052594850492 0
-0.005335052594850492 0
-0.005335052594850492 0
-0.005335052594850492 0
-0.005335052594850492 0
-0.005335052594850492 0
-0.005335052594850492 0
-0.005335052594850492 0
-0.005335052594850492 0
-0.005335052594850492 0
-0.005335052594850492 0
-0.005335052594850492 0
-0.005335052594850492 0
-0.005335052594850492 0
-0.005335052594850492 0
-0.005335052594850492 0
-0.005335052594850492 0
-0.005335052594850492 0
-0.005335052594850492 0
-0.005335052594850492 0
-0.005335052594850492 0
-0.005335052594850492 0
-0.005335052594850492 0
-0.005335052594850492 0
-0.005335052594850492 0
-0.005335052594850492 0
-0.005335052594850492 0
-0.005335052594850492 0
-0.005335052594850492 0
-0.005335052594850492 0
-0.005335052594850492 0
-0.005335052594850492 0
-0.005335052594850492 0
-0.005335052594850492 0
-0.005335052594850492 0
-0.005335052594850492 0
-0.005335052594850492 0
-0.005335052594850492 0
-0.005335052594850492 0
-0.005335052594850492 0
-0.005335052594850492 0
-0.005335052594850492 0
-0.002367415081902741 2.967637512947751
-0.005335052594850492 -2.967637512947751
-0.005335052594850492 0
-0.005335052594850492 0
-0.005335052594850492 0
-0.005335052594850492 0
-0.00258578439919087 2.749268195659621
-0.01598783169209948 -12.87185395202345
-0.02660075836262784 0
-0.02344446456398166 3.156293798646185
-0.03010775147223472 -6.663286908253057
-0.03400441048290902 0
-0.03400441048290902 0
-0.03400441048290902 0
-0.03400441048290902 0
-0.03400441048290902 0
-0.03400441048290902 0
-0.03400441048290902 0
-0.03400441048290902 0
-0.03400441048290902 0
-0.03400441048290902 0
-0.03400441048290902 0
-0.03400441048290902 0
-0.03400441048290902 0
-0.03400441048290902 0
-0.03400441048290902 0
-0.03400441048290902 0
-0.03400441048290902 0
-0.03400441048290902 0
-0.03400441048290902 0
-0.03400441048290902 0
-0.03400441048290902 0
-0.03400441048290902 0
-0.03400441048290902 0
0 0
0 0
0 0
0 0
0 0
0 0
0 0
0 0
0 0
0 0
0 0
0 0
0 0
0 0
0 0
0 0
