3.549575701737841e-226 3.549575701737841e-223
0.005461627400985675 5.461627400985674
0.005915183980645493 0.4535565796598183
-0.00413296680687055 -10.04815078751604
-0.02858319153377155 -24.450224726901
-0.06968711594697392 -41.10392441320237
-0.1277466549349092 -58.05953898793524
-0.2008548663719083 -73.10821143699911
-0.2843979954830741 -83.54312911116583
-0.3715054327917605 -87.10743730868636
-0.4538523002832396 -82.34686749147917
-0.5227980111329129 -68.94571084967326
-0.5703076463712075 -47.50963523829454
-0.5904323053752303 -20.12465900402283
-0.5823529928383724 8.079312536857897
-0.6341824742713257 -51.82948143295329
-0.7568407897926399 -122.6583155213142
-0.8437346740500951 -86.89388425745514
-0.8952178373585387 -51.4831633084436
-0.8955592378635547 -0.3414005050160762
-0.851505307610169 44.05393025338577
-0.7821271887073303 69.37811890283862
-0.7037069807400653 78.42020796726501
-0.6270898512535407 76.61712948652466
-0.5575331788420463 69.55667241149432
-0.4963136703525629 61.21950848948343
-0.4430602402832297 53.25343006933325
-0.3975238923592293 45.53634792400035
-0.3592965333932966 38.22735896593271
-0.3275357668011002 31.7607665921964
-0.3017066109629074 25.82915583819284
-0.2813014199631425 20.40519099976484
-0.2657793406514549 15.52207931168764
-0.2544134363596149 11.36590429183992
-0.2463069093538753 8.106527005739606
-0.2405974909390625 5.709418414812872
-0.236833049108817 3.764441830245491
-0.2350027967553697 1.830252353447276
-0.235555602151658 -0.5528053962882973
-0.2385819201103216 -3.026317958663566
-0.2439064907347568 -5.324570624435254
-0.2514026910435832 -7.496200308826389
-0.2606764589904291 -9.273767946845924
-0.2713534470439509 -10.67698805352174
-0.2830811161417747 -11.72766909782386
-0.2952914007331873 -12.21028459141255
-0.3073517099455254 -12.06030921233814
-0.3186580432627005 -11.30633331717507
-0.328468406845993 -9.810363583292514
-0.3361898801759798 -7.721473329986794
-0.3414097251039949 -5.219844928015138
-0.3437968732274937 -2.387148123498772
-0.3432052355496755 0.5916376778182242
-0.3394900432276437 3.715192322031768
-0.3326318166341574 6.858226593486282
-0.322753950326476 9.877866307681392
-0.3102140679332524 12.53988239322362
-0.2955706106338113 14.64345729944105
-0.2795247651811097 16.0458454527016
-0.2628241967594514 16.70056842165835
-0.2461847437671141 16.63945299233727
-0.2302402880504332 15.9444557166809
-0.2155276478068224 14.71264024361082
-0.2024623650020156 13.06528280480681
-0.1913019381363187 11.16042686569693
-0.1819177089379854 9.384229198333289
-0.1738115629348491 8.106146003136249
-0.1666945616670742 7.117001267774897
-0.1604889059809107 6.205655686163519
-0.1552280267572995 5.260879223611181
-0.1509257661302673 4.302260627032261
-0.147540143365525 3.385622764742247
-0.1449818226920549 2.558320673470143
-0.1431742097447123 1.807612947342524
-0.1420007089988116 1.173500745900752
-0.1413460176360964 0.654691362715204
-0.1410360263449237 0.3099912911726788
-0.140907034276173 0.1289920687506663
-0.1408313555606613 0.0756787155117844
-0.1406858029279435 0.1455526327177603
-0.1403840812922228 0.3017216357207309
-0.1398278941948403 0.5561870973824767
-0.1389339497373828 0.8939444574575239
-0.1376178009213212 1.316148816061541
-0.135779876255211 1.837924666110213
-0.1333114343857872 2.468441869423854
-0.1301532532109205 3.158181174866686
-0.1262797548122449 3.87349839867554
-0.1216829942605524 4.596760551692516
-0.1163727077850998 5.310286475452577
-0.1103433949816589 6.029312803440975
-0.1035637169313613 6.779678050297583
-0.0960904012651007 7.473315666260582
-0.08807633162768992 8.014069637410776
-0.07968670412927266 8.389627498417262
-0.07108811764178644 8.598586487486223
-0.0624565176705754 8.631599971211038
-0.05393954252400122 8.516975146574179
-0.04565579712974564 8.283745394255574
-0.03769064455876309 7.965152570982556
-0.03010929668739502 7.58134787136807
-0.02295132425892749 7.157972428467524
-0.01618627266098141 6.765051597946083
-0.009816719323371484 6.369553337609926
-0.003869705421688865 5.947013901682619
0.001680516296273726 5.55022171796259
0.006842829230359542 5.162312934085816
0.01163759649522681 4.794767264867269
0.0160942021328431 4.456605637616288
0.02024763198872589 4.153429855882791
0.02415698472079715 3.909352732071259
0.02782110397563324 3.664119254836093
0.03124380887583485 3.42270490020161
0.03444664063001122 3.20283175417637
0.03746153443725032 3.014893807239093
0.04035328311971412 2.8917486824638
0.0431950206075938 2.841737487879685
0.04613900531436026 2.943984706766461
0.04914537980821553 3.006374493855261
0.0522736497802844 3.128269972068873
0.05547412137506817 3.200471594783767
0.05871890137155589 3.244779996487722
0.0620588112258126 3.339909854256709
0.06540104860936223 3.342237383549634
0.06879010067614888 3.389052066786649
0.07220949582369991 3.419395147551032
0.07564195725570633 3.432461432006415
0.07907429832980864 3.432341074102313
0.08249062083027037 3.416322500461727
0.08587595132075052 3.385330490480148
0.08921059321810505 3.334641897354537
0.09246217091743741 3.251577699332362
0.0955959002070748 3.133729289637385
0.09857320220764557 2.977302000570767
0.1013722533527315 2.79905114508594
0.1039755362808002 2.60328292806869
0.1063645694669332 2.389033186132983
0.1085177636141739 2.153194147240717
0.1104146199055804 1.896856291406457
0.1120400025075079 1.625382601927516
0.1133832468758127 1.34324436830488
0.114435850002556 1.052603126743212
0.1151889965154339 0.753146512877903
0.1156295518997216 0.4405553842877635
0.1157459564184452 0.1164045187235646
0.1155323230108632 -0.2136334075820145
0.1149913464319664 -0.5409765788967902
0.1141460452093262 -0.8453012226402185
0.1130281315490549 -1.117913660271308
0.1116652617632463 -1.362869785808574
0.1100795938749144 -1.585667888331879
0.1082906844926176 -1.788909382296838
0.1063176586826209 -1.973025809996712
0.1041805676772271 -2.137091005393763
0.1019010655585338 -2.279502118693266
0.0995026245315916 -2.398441026942227
0.09701047891017009 -2.492145621421513
0.09445155883411659 -2.558920076053503
0.09185390200928067 -2.597656824835912
0.08924496897418421 -2.608933035096461
0.08665074257011116 -2.594226404073058
0.08409480025572288 -2.555942314388271
0.08160744311665256 -2.48735713907032
0.07920339183238241 -2.404051284270153
0.07689143954236796 -2.311952290014449
0.07468126974678506 -2.210169795582903
0.07260220989897907 -2.079059847805986
0.07065875866746607 -1.943451231513002
0.06888766352122952 -1.771095146236551
0.06727678426641705 -1.610879254812472
0.0658543152183019 -1.422469048115146
0.06465362683776843 -1.200688380533471
0.06370038087153504 -0.9532459662333903
0.06296938397687626 -0.7309968946587753
0.06246334157085322 -0.5060424060230467
0.06218098235078943 -0.2823592200637895
0.06209835622623219 -0.08262612455723489
0.06220340998894757 0.1050537627153778
0.06249932223969276 0.2959122507451908
0.0629939699218002 0.4946476821074408
0.06369214673324472 0.6981768114445175
0.0645951750080989 0.9030282748541812
0.0657012066990495 1.106031690950596
0.06700495028724587 1.303743588196377
0.06849863087001154 1.493680582765666
0.07017384231227393 1.675211442262389
0.07202363507994225 1.849792767668321
0.07404209814577405 2.018463065831797
0.07622244840417292 2.180350258398869
0.07857492164609305 2.35247324192013
0.0810747477678701 2.499826121777057
0.08369204343393521 2.617295666065111
0.08642535136430626 2.733307930371048
0.0893099368477307 2.884585483424434
0.0922938914255203 2.983954577789605
0.09540035276272724 3.106461337206934
0.09860348060381952 3.203127841092279
0.1019117479720972 3.30826736827769
0.1052823816080311 3.370633635933928
0.108691131547524 3.408749939492903
0.1121226008281197 3.431469280595692
0.1155570090022215 3.434408174101802
0.1189857596120088 3.428750609787257
0.1223998433542147 3.414083742205865
0.1257812125312593 3.381369177044693
0.1291071845969123 3.325972065652938
0.1323555773701248 3.248392773212538
0.1355042293445425 3.14865197441766
0.1385293935706988 3.025164226156341
0.14140807873633 2.878685165631139
0.1412146419959179 -0.1934367404120563
0.09841458829319286 -42.80005370272505
0.07566925260775217 -22.74533568544068
0.050914513294029 -24.75473931372318
0.02906633075080844 -21.84818254322056
0.0195348907513339 -9.531439999474543
0.01560088956585211 -3.934001185481782
0.01248634980608291 -3.114539759769209
0.009155305369481512 -3.331044436601394
0.005636546991064537 -3.518758378416975
0.002185604192702217 -3.45094279836232
-0.0009642530626515094 -3.149857255353726
-0.003678826436500206 -2.714573373848697
-0.005964611053086344 -2.285784616586138
-0.008459119846118694 -2.494508793032349
-0.01063088234834331 -2.171762502224613
-0.01255485417759755 -1.923971829254245
-0.01443071597714961 -1.875861799552058
-0.0167950533196619 -2.364337342512289
-0.03009872700084293 -13.30367368118103
-0.0362305592573172 1.305886666057306
-0.0506325188399477 -14.4019595826305
-0.06996929292317591 -19.33677408322822
-0.09380713861242722 -23.83784568925131
-0.1212865111797104 -27.47937256728318
-0.1515650723607189 -30.27856118100847
-0.1836708007611513 -32.10572840043246
-0.2163597443922258 -32.68894363107449
-0.2483593784691711 -31.99963407694531
-0.278572805858056 -30.21342738888486
-0.3059708371978561 -27.39803133980012
-0.3297150945854699 -23.74425738761376
-0.3497675753983923 -20.05248081292244
-0.3695140209470077 -19.74644554861543
-0.3928860056693797 -23.37198472237195
-0.4132087567646775 -20.3227510952978
-0.4265325392881528 -13.32378252347532
-0.4318433392493703 -5.310799961217471
-0.4297067639559243 2.136575293446019
-0.4212252815782582 8.481482377666049
-0.4073834269691955 13.84185460906273
-0.3891842053362086 18.19922163298693
-0.3672405978637012 21.94360747250734
-0.3420845220356604 25.1560758280408
-0.3146270307422619 27.45749129339847
-0.2860400532925522 28.58697744970978
-0.2575824131515108 28.45764014104141
-0.2299996949697859 27.58271818172484
-0.2035939671285452 26.40572784124073
-0.1785297980996272 25.06416902891798
-0.1549580677494722 23.57173035015506
-0.1329915323132131 21.96653543625906
-0.1127098188867609 20.2817134264522
-0.09415846025704692 18.55135862971397
-0.07734830157155663 16.81015868549029
-0.06228743596103724 15.06086561051939
-0.04656470625260688 15.72272970843036
-0.02898530482421574 17.57940142839113
-0.01208729566564166 16.89800915857409
-1.352827800193279e-28 12.08729566564166
-1.774026922063687e-72 1.352827800193279e-25
-2.552359543976249e-108 1.774026922063687e-69
-1.636880348036365e-135 2.552359543976249e-105
-3.768503287114931e-156 1.636880348036365e-132
-8.05924547397682e-172 3.768503287114929e-153
-1.003524109659732e-183 8.059245473966784e-169
-8.917131820296099e-193 1.003524108768019e-180
-1.152377011667303e-199 8.917130667919088e-190
-6.494782447341348e-205 1.152370516884856e-196
-6.420743193112257e-209 6.494140373022037e-202
-5.597767489866722e-212 6.415145425622391e-206
-2.561675890919326e-214 5.572150730957529e-209
-4.156506115500407e-216 2.520110829764322e-211
-1.773316388098481e-217 3.979174476690559e-213
-1.578374854153871e-218 1.615478902683094e-214
-2.444504634031349e-219 1.333924390750736e-215
-5.715930173668816e-220 1.872911616664467e-216
-1.809957494988998e-220 3.905972678679818e-217
-7.155527570705521e-221 1.094404737918445e-217
-3.327430126050092e-221 3.828097444655429e-218
-1.743296819445746e-221 1.584133306604346e-218
-9.977264042888682e-222 7.455704151568778e-219
-6.100930206052285e-222 3.876333836836396e-219
-3.920345141633261e-222 2.180585064419024e-219
-2.610579317563211e-222 1.30976582407005e-219
-1.780180202639206e-222 8.30399114924005e-220
-1.232277621794296e-222 5.479025808449101e-220
-8.605718020520503e-223 3.717058197422459e-220
-6.033907595530383e-223 2.57181042499012e-220
-4.22912207337153e-223 1.804785522158853e-220
-2.950338089008206e-223 1.278783984363325e-220
-2.040742587162513e-223 9.095955018456926e-221
-1.395712956464625e-223 6.450296306978878e-221
-9.429381651622761e-224 4.52774791302349e-221
-6.296108194613238e-224 3.133273457009523e-221
-4.15486085033152e-224 2.141247344281718e-221
-2.704839045469952e-224 1.450021804861567e-221
-1.739534720494392e-224 9.653043249755607e-222
-1.114505049057518e-224 6.250296714368733e-222
-7.256483029494134e-225 3.888567461081051e-222
-4.995021731651429e-225 2.261461297842705e-222
-3.79372862689131e-225 1.201293104760119e-222
-3.230893769042355e-225 5.628348578489548e-223
-3.022807705292381e-225 2.08086063749974e-223
-2.973855226071374e-225 4.895247922100732e-224
-2.961496377677843e-225 1.235884839353119e-224
-2.907430644621468e-225 5.40657330563753e-224
-2.773593214633113e-225 1.338374299883541e-223
-2.551094799636702e-225 2.224984149964116e-223
-2.243810760037752e-225 3.072840395989498e-223
-1.868360408909123e-225 3.754503511286294e-223
-1.447627037982248e-225 4.20733370926875e-223
-1.014353095223526e-225 4.33273942758722e-223
-6.058281374952932e-226 4.085249577282324e-223
-2.547398973128241e-226 3.510882401824691e-223
1.919919180757775e-227 2.739390891204018e-223
2.121727384826352e-226 1.929735466750575e-223
3.32550877658069e-226 1.203781391754337e-223
3.933500730112741e-226 6.079919535320512e-224
4.096364934668151e-226 1.628642045554106e-224
4.007811287997814e-226 -8.855364667033772e-225
3.84100844013617e-226 -1.66802847861644e-224
3.774720443574629e-226 -6.628799656154017e-225
3.958542775515448e-226 1.838223319408186e-224
4.476920868243387e-226 5.183780927279384e-224
5.37146499491824e-226 8.945441266748538e-224
6.598096131647905e-226 1.226631136729665e-223
8.060080192629881e-226 1.461984060981976e-223
9.614281393025301e-226 1.554201200395421e-223
1.110604621681561e-225 1.49176482379031e-223
1.234276104369653e-225 1.236714826880918e-223
1.312002586490461e-225 7.772648212080774e-224
1.327891970097444e-225 1.588938360698312e-224
1.276250337154899e-225 -5.164163294254518e-224
1.166290774756043e-225 -1.099595623988554e-223
1.019527144447931e-225 -1.467636303081121e-223
8.667609309206378e-226 -1.527662135272932e-223
7.393453963721308e-226 -1.274155345485069e-223
6.616091438571196e-226 -7.773625251501119e-224
6.474723387037331e-226 -1.41368051533865e-224
6.970298300663502e-226 4.955749136261702e-224
7.997293821228662e-226 1.026995520565161e-223
9.378811824666724e-226 1.381518003438062e-223
1.092999302651385e-225 1.551181201847127e-223
1.248395000391821e-225 1.553956977404364e-223
1.389658818773609e-225 1.412638183817877e-223
1.505402954788411e-225 1.157441360148016e-223
1.587533362452157e-225 8.213040766374622e-224
1.631566353507579e-225 4.403299105542179e-224
1.636976484029546e-225 5.410130521967034e-225
1.607266062940103e-225 -2.971042108944271e-224
1.549738320342188e-225 -5.752774259791553e-224
1.474979188090973e-225 -7.475913225121479e-224
1.395250712234017e-225 -7.972847585695545e-224
1.322535657459837e-225 -7.271505477418039e-224
1.266573532467031e-225 -5.596212499280617e-224
1.233137203900734e-225 -3.343632856629634e-224
1.222999913442786e-225 -1.013729045794838e-224
1.231827585292976e-225 8.827671850189681e-225
1.251101773154992e-225 1.927418786201669e-224
1.269872235288859e-225 1.877046213386626e-224
1.276864541243161e-225 6.992305954302378e-225
1.26229629422003e-225 -1.456824702313063e-224
1.219473634478213e-225 -4.282265974181762e-224
1.14601407131229e-225 -7.345956316592316e-224
1.044145046549029e-225 -1.018690247632608e-223
9.20461764198352e-226 -1.236832823506769e-223
7.8464021984421e-226 -1.35821544354142e-223
6.470337295068928e-226 -1.376064903373172e-223
5.166717105538538e-226 -1.30362018953039e-223
4.000478564775965e-226 -1.166238540762573e-223
3.004481091635081e-226 -9.95997473140884e-224
2.178151472763958e-226 -8.263296188711233e-224
1.491514876230373e-226 -6.866365965335849e-224
8.938446408178882e-227 -5.976702354124846e-224
3.253555065121744e-227 -5.684891343057138e-224
-2.700272852011117e-227 -5.95382791713286e-224
-9.337575154705307e-227 -6.63730230269419e-224
-1.685946988134242e-226 -7.521894726637109e-224
-2.523341885998689e-226 -8.373948978644474e-224
-3.422575507474028e-226 -8.99233621475339e-224
-4.343682758346607e-226 -9.211072508725795e-224
-5.24093454894026e-226 -8.972517905936529e-224
-6.078184070185204e-226 -8.372495212449432e-224
-6.82829905348214e-226 -7.501149832969367e-224
-7.477716056289984e-226 -6.494170028078439e-224
-8.030469175103933e-226 -5.527531188139482e-224
-8.508253516822161e-226 -4.777843417182288e-224
-8.955320142068714e-226 -4.470666252465523e-224
-9.418488667818343e-226 -4.631685257496289e-224
-9.947026107361928e-226 -5.285374395435852e-224
-1.057762266073365e-225 -6.30596553371723e-224
-1.133845612552723e-225 -7.608334647935833e-224
-1.224948552943406e-225 -9.110294039068236e-224
-1.326672522784722e-225 -1.017239698413163e-223
-1.427292833247365e-225 -1.006203104626428e-223
-1.522075468571509e-225 -9.478263532414429e-224
-1.617353047996601e-225 -9.527757942509138e-224
-1.724827598887232e-225 -1.074745508906319e-223
-1.855807297083643e-225 -1.309796981964101e-223
-2.0168079819078e-225 -1.610006848241577e-223
-2.210291272552474e-225 -1.93483290644674e-223
-2.436189078372309e-225 -2.258978058198349e-223
-2.692388710349115e-225 -2.561996319768058e-223
-2.975015206097814e-225 -2.826264957486994e-223
-3.27896517836364e-225 -3.039499722658255e-223
-3.599037825528369e-225 -3.200726471647293e-223
-3.93086957886295e-225 -3.318317533345807e-223
-4.272910170731195e-225 -3.420405918682454e-223
-4.626778193456067e-225 -3.538680227248716e-223
-4.998243635751792e-225 -3.714654422957248e-223
-5.399089797751432e-225 -4.008461619996401e-223
-5.839215304879444e-225 -4.401255071280124e-223
-6.330967694076529e-225 -4.917523891970846e-223
-6.887999455246311e-225 -5.570317611697823e-223
-7.514351019941086e-225 -6.263515646947751e-223
-8.214093126348429e-225 -6.997421064073427e-223
-8.977863110003692e-225 -7.63769983655263e-223
-9.792786718406161e-225 -8.149236084024687e-223
-1.063923497538683e-224 -8.464482569806689e-223
-1.149618835832567e-224 -8.569533829388361e-223
-1.234340262637178e-224 -8.472142680461191e-223
-1.316378935752632e-224 -8.203867311545332e-223
-1.394507952783351e-224 -7.812901703071878e-223
-1.4681035958859e-224 -7.359564310254981e-223
-1.536977197316172e-224 -6.887360143027136e-223
-1.601362672348313e-224 -6.438547503214135e-223
-1.661561807372609e-224 -6.019913502429635e-223
-1.714806078642594e-224 -5.324427126998504e-223
-1.706728566869472e-224 8.077511773122714e-224
-1.597347288104457e-224 1.093812787650145e-222
-1.347267551963218e-224 2.500797361412393e-222
-9.751016651312365e-225 3.721658868319815e-222
-6.034084901453133e-225 3.716931749859232e-222
-3.127719177157771e-225 2.906365724295362e-222
-1.15553106213992e-225 1.972188115017851e-222
1.103361337988344e-226 1.265867195938754e-222
9.517460972714825e-226 8.41409963472648e-223
1.370537884928236e-225 4.187917876567531e-223
1.393374683476736e-225 2.283679854850004e-224
7.555308370885925e-226 -6.378438463881431e-223
1.839711517893382e-226 -5.715596852992544e-223
-5.512257623289335e-226 -7.351969141182717e-223
-1.268505573763828e-225 -7.172798114348944e-223
-1.846522676169095e-225 -5.780171024052667e-223
-2.143466376117017e-225 -2.969436999479228e-223
-2.332204172882268e-225 -1.887377967652503e-223
-3.432869516362997e-226 1.792012347198624e-222
1.390493475875973e-225 1.902076816168536e-223
1.641326528622036e-225 2.508330527460633e-223
1.553948760337717e-225 -8.73777682843192e-224
1.317554522992503e-225 -1.056305866576412e-223
1.180138454536458e-225 -1.37416068456045e-223
1.062443502214745e-225 -1.176949523217132e-223
9.803388722931852e-226 -8.210462992155997e-224
8.863057621987863e-226 -9.403311009439887e-224
8.73963850280215e-226 -1.234191191857125e-224
8.721727956509661e-226 -1.791054629248909e-225
7.48122061681318e-226 -1.240507339696481e-223
4.779929589014083e-226 -2.701291027799097e-223
1.609347466128738e-226 -3.170582122885345e-223
3.440040160476109e-227 -1.265343450081128e-223
8.042076728517504e-227 4.602036568041396e-224
2.981441756905364e-226 2.177234084053613e-223
5.129381413136671e-226 2.147939656231307e-223
5.678605849394352e-226 5.492244362576812e-224
4.471432053765544e-226 -1.207173795628808e-223
2.356667268054013e-226 -2.114764785711531e-223
7.491957140967376e-227 -1.607471553957275e-223
3.70177799639881e-227 -3.790179144568566e-224
1.21204180691329e-227 -2.489736189485519e-224
-1.034670441319114e-226 -1.155874622010443e-223
-2.359593489367296e-226 -1.324923048048182e-223
-2.490191781577741e-226 -1.305982922104449e-224
0 0
0 0
0 0
0 0
0 0
0 0
0 0
0 0
0 0
0 0
0 0
0 0
0 0
0 0
0 0
0 0
