0.06250257501162895 62.50257501162895
0.06253481756835631 0.03224255672736043
0.06253481756835631 0
0.06253481756835631 0
0.06253481756835631 0
0.06253481756835631 0
0.06253481756835631 0
0.06253481756835631 0
0.06253481756835631 0
0.06253481756835631 0
0.06253481756835631 0
0.06253481756835631 0
0.06253481756835631 0
0.06253481756835631 0
0.06253481756835631 0
0.06253481756835631 0
0.06253481756835631 0
0.06253481756835631 0
0.06253481756835631 0
0.06253481756835631 0
0.06253481756835631 0
0.06253481756835631 0
0.06253481756835631 0
0.06253481756835631 0
0.06253481756835631 0
0.06253481756835631 0
0.06253481756835631 0
0.06253481756835631 0
0.06253481756835631 0
0.06253481756835631 0
0.06253481756835631 0
0.06253481756835631 0
0.06253481756835631 0
0.06253481756835631 0
0.06253481756835631 0
0.06253481756835631 0
0.06253481756835631 0
0.06253481756835631 0
0.06253481756835631 0
0.06253481756835631 0
0.06253481756835631 0
0.06253481756835631 0
0.06253481756835631 0
0.06253481756835631 0
0.06253481756835631 0
0.06253481756835631 0
0.06253481756835631 0
0.06253481756835631 0
0.06253481756835631 0
0.06253481756835631 0
0.06253481756835631 0
0.06253481756835631 0
0.06253481756835631 0
0.06253481756835631 0
0.06253481756835631 0
0.06253481756835631 0
0.06253481756835631 0
0.06253481756835631 0
0.06253481756835631 0
0.06253481756835631 0
0.06253481756835631 0
0.06253481756835631 0
0.06253481756835631 0
0.06247756986238356 -0.05724770597274886
0.06244163667683043 -0.03593318555313724
0.06269227185763267 0.2506351808022403
0.06369288485869637 1.000613001063702
0.06369288485869637 0
0.06369288485869637 0
0.06369288485869637 0
0.06369288485869637 0
0.06369288485869637 0
0.06369288485869637 0
0.06369288485869637 0
0.06369288485869637 0
0.06369288485869637 0
0.06369288485869637 0
0.06369288485869637 0
0.06369288485869637 0
0.06369288485869637 0
0.06369288485869637 0
0.06369288485869637 0
0.06369288485869637 0
0.06369288485869637 0
0.06369288485869637 0
0.06369288485869637 0
0.06369288485869637 0
0.06369288485869637 0
0.06369288485869637 0
0.06369288485869637 0
0.06369288485869637 0
0.06369288485869637 0
0.06369288485869637 0
0.06369288485869637 0
0.06369288485869637 0
0.06369288485869637 0
0.06369288485869637 0
0.06369288485869637 0
0.06369288485869637 0
0.06369288485869637 0
0.06369288485869637 0
0.06369288485869637 0
0.06369288485869637 0
0.06369288485869637 0
0.06369288485869637 0
0.06369288485869637 0
0.06369288485869637 0
0.06369288485869637 0
0.06369288485869637 0
0.06369288485869637 0
0.06369288485869637 0
0.06369288485869637 0
0.06369288485869637 0
0.06369288485869637 0
0.06369288485869637 0
0.06369288485869637 0
0.06369288485869637 0
0.06369288485869637 0
0.06369288485869637 0
0.06369288485869637 0
0.06369288485869637 0
0.06369288485869637 0
0.06369288485869637 0
0.06369288485869637 0
0.06369288485869637 0
0.06369288485869637 0
0.06369288485869637 0
0.06369288485869637 0
0.06369288485869637 0
0.06369288485869637 0
0.06369288485869637 0
0.06369288485869637 0
0.06369288485869637 0
0.06369288485869637 0
0.06369288485869637 0
0.06369288485869637 0
0.06369288485869637 0
0.06369288485869637 0
0.06369288485869637 0
0.06369288485869637 0
0.06369288485869637 0
0.06369288485869637 0
0.06369288485869637 0
0.06369288485869637 0
0.06369288485869637 0
0.06369288485869637 0
0.06369288485869637 0
0.06369288485869637 0
0.06369288485869637 0
0.06369288485869637 0
0.06369288485869637 0
0.06369288485869637 0
0.06369288485869637 0
0.06369288485869637 0
0.06369288485869637 0
0.06369288485869637 0
0.06369288485869637 0
0.06369288485869637 0
0.06369288485869637 0
0.06369288485869637 0
0.06369288485869637 0
0.06369288485869637 0
0.06369288485869637 0
0.06369288485869637 0
0.06369288485869637 0
0.06369288485869637 0
0.06369288485869637 0
0.06369288485869637 0
0.06369288485869637 0
0.06369288485869637 0
0.06369288485869637 0
0.06369288485869637 0
0.06369288485869637 0
0.06369288485869637 0
0.06369288485869637 0
0.06369288485869637 0
0.06369288485869637 0
0.06369288485869637 0
0.06369288485869637 0
0.06369288485869637 0
0.06369288485869637 0
0.06369288485869637 0
0.06369288485869637 0
0.06369288485869637 0
0.06369288485869637 0
0.06369288485869637 0
0.06369288485869637 0
0.06369288485869637 0
0.06369288485869637 0
0.06369288485869637 0
0.06369288485869637 0
0.06369288485869637 0
0.06369288485869637 0
0.06369288485869637 0
0.06369288485869637 0
0.06369288485869637 0
0.06369288485869637 0
0.06369288485869637 0
0.06369288485869637 0
0.06369288485869637 0
0.06369288485869637 0
0.06369288485869637 0
0.06369288485869637 0
0.06369288485869637 0
0.06369288485869637 0
0.06369288485869637 0
0.06369288485869637 0
0.06369288485869637 0
0.06369288485869637 0
0.06369288485869637 0
0.06369288485869637 0
0.1022779698550052 38.58508499630883
0.1022779698550052 0
0.1022779698550052 0
0.1022779698550052 0
0.1022779698550052 0
0.1022779698550052 0
0.1022779698550052 0
0.1022779698550052 0
0.1022779698550052 0
0.1022779698550052 0
0.1022779698550052 0
0.1022779698550052 0
0.1022779698550052 0
0.1022779698550052 0
0.1022779698550052 0
0.1022779698550052 0
0.1022779698550052 0
0.1022779698550052 0
0.1066755688562272 4.397599001221996
0.1024747831979833 -9.087006770712765
0.1024747831979833 0
0.1024747831979833 0
0.1024747831979833 0
0.1024747831979833 0
0.1024747831979833 0
0.1024747831979833 0
0.1024747831979833 0
0.1024747831979833 0
0.1024747831979833 0
0.1024747831979833 0
0.1024747831979833 0
0.1024747831979833 0
0.1024747831979833 0
0.1024747831979833 0
0.1024747831979833 0
0.1024747831979833 0
0.1024747831979833 0
0.1024747831979833 0
0.1024747831979833 0
0.1024747831979833 0
0.1024747831979833 0
0.1024747831979833 0
0.1024747831979833 0
0.1024747831979833 0
0.1024747831979833 0
0.1024747831979833 0
0.1024747831979833 0
0.1024747831979833 0
0.1024747831979833 0
0.1024747831979833 0
0.1024747831979833 0
0.1024747831979833 0
0.1024747831979833 0
0.1024747831979833 0
0.1024747831979833 0
0.1024747831979833 0
0.1024747831979833 0
0.1024747831979833 0
0.1024747831979833 0
0.1024747831979833 0
0.1024747831979833 0
0.1024747831979833 0
0.1024747831979833 0
0.1024747831979833 0
0.1024747831979833 0
0.1024747831979833 0
0.1024747831979833 0
0.1024747831979833 0
0.1024747831979833 0
0.1024747831979833 0
0.1024747831979833 0
0.1024747831979833 0
0.1024747831979833 0
0.1024747831979833 0
0.1024747831979833 0
0.1024747831979833 0
0.1024747831979833 0
0.1024747831979833 0
0.1024747831979833 0
0.1024747831979833 0
0.1023376956563413 -0.1370875416420031
0.1021746819766677 -0.1630136796736126
0.1020324228067983 -0.1422591698694298
0.1175490486309243 15.51662582412606
0.1175490486309243 0
0.1175490486309243 0
0.1175490486309243 0
0.1175490486309243 0
0.1175490486309243 0
0.1175490486309243 0
0.1175490486309243 0
0.1175490486309243 0
0.1175490486309243 0
0.1175490486309243 0
0.1175490486309243 0
0.1175490486309243 0
0.1175490486309243 0
0.1175490486309243 0
0.1175490486309243 0
0.1175490486309243 0
0.1175490486309243 0
0.1175490486309243 0
0.1175490486309243 0
0.1175490486309243 0
0.1175490486309243 0
0.1175490486309243 0
0.1175490486309243 0
0.1175490486309243 0
0.1175490486309243 0
0.1175490486309243 0
0.1175490486309243 0
0.1175490486309243 0
0.1175490486309243 0
0.1175490486309243 0
0.1175490486309243 0
0.1175490486309243 0
0.1175490486309243 0
0.1175490486309243 0
0.1175490486309243 0
0.1175490486309243 0
0.1175490486309243 0
0.1175490486309243 0
0.1175490486309243 0
0.1175490486309243 0
0.1175490486309243 0
0.1175490486309243 0
0.1175490486309243 0
0.1175490486309243 0
0.1175490486309243 0
0.1175490486309243 0
0.1175490486309243 0
0.1175490486309243 0
0.1175490486309243 0
0.1175490486309243 0
0.1175490486309243 0
0.1175490486309243 0
0.1175490486309243 0
0.1175490486309243 0
0.1175490486309243 0
0.1175490486309243 0
0.1175490486309243 0
0.1175490486309243 0
0.1175490486309243 0
0.1175490486309243 0
0.1175490486309243 0
0.1175490486309243 0
0.1175490486309243 0
0.1175490486309243 0
0.1175490486309243 0
0.1175490486309243 0
0.1175490486309243 0
0.1175490486309243 0
0.1175490486309243 0
0.1175490486309243 0
0.1175490486309243 0
0.1175490486309243 0
0.1175490486309243 0
0.1175490486309243 0
0.1175490486309243 0
0.1175490486309243 0
0.1175490486309243 0
0.1175490486309243 0
0.1175490486309243 0
0.1175490486309243 0
0.1175490486309243 0
0.1175490486309243 0
0.1175490486309243 0
0.1175490486309243 0
0.1175490486309243 0
0.1175490486309243 0
0.1175490486309243 0
0.1175490486309243 0
0.1175490486309243 0
0.1175490486309243 0
0.1175490486309243 0
0.1175490486309243 0
0.1175490486309243 0
0.1175490486309243 0
0.1175490486309243 0
0.1175490486309243 0
0.1175490486309243 0
0.1175490486309243 0
0.1175490486309243 0
0.1175490486309243 0
0.1175490486309243 0
0.1175490486309243 0
0.1175490486309243 0
0.1175490486309243 0
0.1175490486309243 0
0.1175490486309243 0
0.1175490486309243 0
0.1175490486309243 0
0.1175490486309243 0
0.1175490486309243 0
0.1175490486309243 0
0.1175490486309243 0
0.1175490486309243 0
0.1175490486309243 0
0.1175490486309243 0
0.1175490486309243 0
0.1175490486309243 0
0.1175490486309243 0
0.1175490486309243 0
0.1175490486309243 0
0.1175490486309243 0
0.1175490486309243 0
0.1175490486309243 0
0.1175490486309243 0
0.1175490486309243 0
0.1175490486309243 0
0.1175490486309243 0
0.1175490486309243 0
0.1175490486309243 0
0.1175490486309243 0
0.1175490486309243 0
0.1175490486309243 0
0.1175490486309243 0
0.1175490486309243 0
0.1175490486309243 0
0.1175490486309243 0
0.1175490486309243 0
0.1175490486309243 0
0.1175490486309243 0
0.1175490486309243 0
0.1175490486309243 0
0.1175490486309243 0
0.1175490486309243 0
0.1175490486309243 0
0.1175490486309243 0
0.1175490486309243 0
0.1175490486309243 0
0.1175490486309243 0
0.1175490486309243 0
0.1175490486309243 0
0.1175490486309243 0
0.1175490486309243 0
0.1175490486309243 0
0.1175490486309243 0
0.1175490486309243 0
0.08379934786946182 -33.74970076146251
0.1175490486309243 33.74970076146251
0.1175490486309243 0
0.1175490486309243 0
0.1175490486309243 0
0.1175490486309243 0
0.08625992017083144 -31.28912846009289
0.2379543849234125 135.0356735737842
0.3591047946589153 0
0.329415840704962 -29.68895395395321
0.3920925212744188 62.67668056945674
0.4287455508472005 0
0.4287455508472005 0
0.4287455508472005 0
0.4287455508472005 0
0.4287455508472005 0
0.4287455508472005 0
0.4287455508472005 0
0.4287455508472005 0
0.4287455508472005 0
0.4287455508472005 0
0.4287455508472005 0
0.4287455508472005 0
0.4287455508472005 0
0.4287455508472005 0
0.4287455508472005 0
0.4287455508472005 0
0.4287455508472005 0
0.4287455508472005 0
0.4287455508472005 0
0.4287455508472005 0
0.4287455508472005 0
0.4287455508472005 0
0.4287455508472005 0
0 0
0 0
0 0
0 0
0 0
0 0
0 0
0 0
0 0
0 0
0 0
0 0
0 0
0 0
0 0
0 0
