0.1648826035413049 164.8826035413049
0.1024747831979833 -62.40782034332154
0.1024747831979833 0
0.1024747831979833 0
0.1024747831979833 0
0.1024747831979833 0
0.1024747831979833 0
0.1024747831979833 0
0.1024747831979833 0
0.1024747831979833 0
0.1024747831979833 0
0.1024747831979833 0
0.1024747831979833 0
0.1024747831979833 0
0.1024747831979833 0
0.1024747831979833 0
0.1024747831979833 0
0.1024747831979833 0
0.1024747831979833 0
0.1024747831979833 0
0.1024747831979833 0
0.1024747831979833 0
0.1024747831979833 0
0.1024747831979833 0
0.1024747831979833 0
0.1024747831979833 0
0.1024747831979833 0
0.1024747831979833 0
0.1024747831979833 0
0.1024747831979833 0
0.1024747831979833 0
0.1024747831979833 0
0.1024747831979833 0
0.1024747831979833 0
0.1024747831979833 0
0.1024747831979833 0
0.1024747831979833 0
0.1024747831979833 0
0.1024747831979833 0
0.1024747831979833 0
0.1024747831979833 0
0.1024747831979833 0
0.1024747831979833 0
0.1024747831979833 0
0.1024747831979833 0
0.1024747831979833 0
0.1024747831979833 0
0.1024747831979833 0
0.1024747831979833 0
0.1024747831979833 0
0.1024747831979833 0
0.1024747831979833 0
0.1024747831979833 0
0.1024747831979833 0
0.1024747831979833 0
0.1024747831979833 0
0.1024747831979833 0
0.1024747831979833 0
0.1024747831979833 0
0.1024747831979833 0
0.1024747831979833 0
0.1024747831979833 0
0.1024747831979833 0
0.1020402965313648 -0.4344866666185221
0.1020204542656225 -0.01984226574229531
0.1020204542656225 0
0.1020204542656225 0
0.1020204542656225 0
0.1020204542656225 0
0.1020204542656225 0
0.1020204542656225 0
0.1020204542656225 0
0.1020204542656225 0
0.1020204542656225 0
0.1020204542656225 0
0.1020204542656225 0
0.1020204542656225 0
0.1020204542656225 0
0.1020204542656225 0
0.1020204542656225 0
0.1020204542656225 0
0.1020204542656225 0
0.1020204542656225 0
0.1175490486309243 15.52859436530184
0.1175490486309243 0
0.1175490486309243 0
0.1175490486309243 0
0.1175490486309243 0
0.1175490486309243 0
0.1175490486309243 0
0.1175490486309243 0
0.1175490486309243 0
0.1175490486309243 0
0.1175490486309243 0
0.1175490486309243 0
0.1175490486309243 0
0.1175490486309243 0
0.1175490486309243 0
0.1175490486309243 0
0.1175490486309243 0
0.1175490486309243 0
0.1175490486309243 0
0.1175490486309243 0
0.1175490486309243 0
0.1175490486309243 0
0.1175490486309243 0
0.1175490486309243 0
0.1175490486309243 0
0.1175490486309243 0
0.1175490486309243 0
0.1175490486309243 0
0.1175490486309243 0
0.1175490486309243 0
0.1175490486309243 0
0.1175490486309243 0
0.1175490486309243 0
0.1175490486309243 0
0.1175490486309243 0
0.1175490486309243 0
0.1175490486309243 0
0.1175490486309243 0
0.1175490486309243 0
0.1175490486309243 0
0.1175490486309243 0
0.1175490486309243 0
0.1175490486309243 0
0.1175490486309243 0
0.1175490486309243 0
0.1175490486309243 0
0.1175490486309243 0
0.1175490486309243 0
0.1175490486309243 0
0.1175490486309243 0
0.1175490486309243 0
0.1175490486309243 0
0.1175490486309243 0
0.1175490486309243 0
0.1175490486309243 0
0.1175490486309243 0
0.1175490486309243 0
0.1175490486309243 0
0.1175490486309243 0
0.1175490486309243 0
0.1175490486309243 0
0.1175490486309243 0
0.1175490486309243 0
0.1175490486309243 0
0.1175490486309243 0
0.1175490486309243 0
0.1175490486309243 0
0.1175490486309243 0
0.1175490486309243 0
0.1175490486309243 0
0.1175490486309243 0
0.1175490486309243 0
0.1175490486309243 0
0.1175490486309243 0
0.1175490486309243 0
0.1175490486309243 0
0.1175490486309243 0
0.1175490486309243 0
0.1175490486309243 0
0.1175490486309243 0
0.1175490486309243 0
0.1175490486309243 0
0.1175490486309243 0
0.1175490486309243 0
0.1175490486309243 0
0.1175490486309243 0
0.1175490486309243 0
0.1175490486309243 0
0.1175490486309243 0
0.1175490486309243 0
0.1175490486309243 0
0.1175490486309243 0
0.1175490486309243 0
0.1175490486309243 0
0.1175490486309243 0
0.1175490486309243 0
0.1175490486309243 0
0.1175490486309243 0
0.1175490486309243 0
0.1175490486309243 0
0.1175490486309243 0
0.1175490486309243 0
0.1175490486309243 0
0.1175490486309243 0
0.1175490486309243 0
0.1175490486309243 0
0.1175490486309243 0
0.1175490486309243 0
0.1175490486309243 0
0.1175490486309243 0
0.1175490486309243 0
0.1175490486309243 0
0.1175490486309243 0
0.1175490486309243 0
0.1175490486309243 0
0.1175490486309243 0
0.1175490486309243 0
0.1175490486309243 0
0.1175490486309243 0
0.1175490486309243 0
0.1175490486309243 0
0.1175490486309243 0
0.1175490486309243 0
0.1175490486309243 0
0.1175490486309243 0
0.1175490486309243 0
0.1175490486309243 0
0.1175490486309243 0
0.1175490486309243 0
0.1175490486309243 0
0.1175490486309243 0
0.1175490486309243 0
0.1175490486309243 0
0.1175490486309243 0
0.1175490486309243 0
0.1175490486309243 0
0.1175490486309243 0
0.1175490486309243 0
0.1175490486309243 0
0.1175490486309243 0
0.1175490486309243 0
0.1175490486309243 0
0.1175490486309243 0
0.1175490486309243 0
0.1175490486309243 0
0.1175490486309243 0
0.1175490486309243 0
0.1175490486309243 0
0.1175490486309243 0
0.1175490486309243 0
0.1175490486309243 0
0.1175490486309243 0
0.1175490486309243 0
0.1175490486309243 0
0.1175490486309243 0
0.1175490486309243 0
0.1175490486309243 0
0.1175490486309243 0
0.1175490486309243 0
0.1175490486309243 0
0.1175490486309243 0
0.1175490486309243 0
0.1175490486309243 0
0.1175490486309243 0
0.1175490486309243 0
0.1175490486309243 0
0.1175490486309243 0
0.1175490486309243 0
0.1175490486309243 0
0.1175490486309243 0
0.1175490486309243 0
0.1175490486309243 0
0.1175490486309243 0
0.1175490486309243 0
0.1175490486309243 0
0.1175490486309243 0
0.1175490486309243 0
0.1175490486309243 0
0.1175490486309243 0
0.1175490486309243 0
0.1175490486309243 0
0.1175490486309243 0
0.1175490486309243 0
0.1175490486309243 0
0.1175490486309243 0
0.1175490486309243 0
0.1175490486309243 0
0.1175490486309243 0
0.1175490486309243 0
0.1175490486309243 0
0.1175490486309243 0
0.1175490486309243 0
0.1175490486309243 0
0.1175490486309243 0
0.1175490486309243 0
0.1175490486309243 0
0.1175490486309243 0
0.1175490486309243 0
0.1175490486309243 0
0.1175490486309243 0
0.1175490486309243 0
0.1175490486309243 0
0.1175490486309243 0
0.1175490486309243 0
0.1175490486309243 0
0.1175490486309243 0
0.1175490486309243 0
0.1175490486309243 0
0.1175490486309243 0
0.1173736585972239 -0.1753900337003872
0.1173069724758617 -0.06668612136226382
0.06258109263529225 -54.72587984056943
0.06258109263529225 0
0.06258109263529225 0
0.06269227185763267 0.1111792223404129
0.06369288485869637 1.000613001063702
0.06369288485869637 0
0.06369288485869637 0
0.06369288485869637 0
0.06369288485869637 0
0.06369288485869637 0
0.06369288485869637 0
0.06369288485869637 0
0.06369288485869637 0
0.06369288485869637 0
0.06369288485869637 0
0.06369288485869637 0
0.06369288485869637 0
0.06369288485869637 0
0.06369288485869637 0
0.06369288485869637 0
0.06369288485869637 0
0.06369288485869637 0
0.06369288485869637 0
0.06369288485869637 0
0.06369288485869637 0
0.06369288485869637 0
0.06369288485869637 0
0.06369288485869637 0
0.06369288485869637 0
0.06369288485869637 0
0.06369288485869637 0
0.06369288485869637 0
0.06369288485869637 0
0.06369288485869637 0
0.06369288485869637 0
0.06369288485869637 0
0.06369288485869637 0
0.06369288485869637 0
0.06369288485869637 0
0.06369288485869637 0
0.06369288485869637 0
0.06369288485869637 0
0.06369288485869637 0
0.06369288485869637 0
0.06369288485869637 0
0.06369288485869637 0
0.06369288485869637 0
0.06369288485869637 0
0.06369288485869637 0
0.06369288485869637 0
0.06369288485869637 0
0.06369288485869637 0
0.06369288485869637 0
0.06369288485869637 0
0.06369288485869637 0
0.06369288485869637 0
0.06369288485869637 0
0.06369288485869637 0
0.06369288485869637 0
0.06369288485869637 0
0.06369288485869637 0
0.06369288485869637 0
0.06369288485869637 0
0.06369288485869637 0
0.06369288485869637 0
0.06369288485869637 0
0.06369288485869637 0
0.06369288485869637 0
0.06369288485869637 0
0.06369288485869637 0
0.06369288485869637 0
0.06369288485869637 0
0.06369288485869637 0
0.06369288485869637 0
0.06369288485869637 0
0.06369288485869637 0
0.06369288485869637 0
0.06369288485869637 0
0.06369288485869637 0
0.06369288485869637 0
0.06369288485869637 0
0.06369288485869637 0
0.06369288485869637 0
0.06369288485869637 0
0.06369288485869637 0
0.06369288485869637 0
0.06369288485869637 0
0.06369288485869637 0
0.06369288485869637 0
0.06369288485869637 0
0.06369288485869637 0
0.06369288485869637 0
0.06369288485869637 0
0.06369288485869637 0
0.06369288485869637 0
0.06369288485869637 0
0.06369288485869637 0
0.06369288485869637 0
0.06369288485869637 0
0.06369288485869637 0
0.06369288485869637 0
0.06369288485869637 0
0.06369288485869637 0
0.06369288485869637 0
0.06369288485869637 0
0.06369288485869637 0
0.06369288485869637 0
0.06369288485869637 0
0.06369288485869637 0
0.06369288485869637 0
0.06369288485869637 0
0.06369288485869637 0
0.06369288485869637 0
0.06369288485869637 0
0.06369288485869637 0
0.06369288485869637 0
0.06369288485869637 0
0.06369288485869637 0
0.06369288485869637 0
0.06369288485869637 0
0.06369288485869637 0
0.06369288485869637 0
0.06369288485869637 0
0.06369288485869637 0
0.06369288485869637 0
0.06369288485869637 0
0.06369288485869637 0
0.06369288485869637 0
0.06369288485869637 0
0.06369288485869637 0
0.06369288485869637 0
0.06369288485869637 0
0.06369288485869637 0
0.06369288485869637 0
0.06369288485869637 0
0.06369288485869637 0
0.06369288485869637 0
0.06369288485869637 0
0.06369288485869637 0
0.06369288485869637 0
0.06369288485869637 0
0.06369288485869637 0
0.06369288485869637 0
0.06369288485869637 0
0.06369288485869637 0
0.06369288485869637 0
0.06369288485869637 0
0.06369288485869637 0
0.06369288485869637 0
0.06369288485869637 0
0.06369288485869637 0
0.06369288485869637 0
0.06369288485869637 0
0.06369288485869637 0
0.06369288485869637 0
0.06369288485869637 0
0.06307634323511051 -0.6165416235858617
0.06369288485869637 0.6165416235858617
0.06369288485869637 0
0.06369288485869637 0
0.06369288485869637 0
0.06369288485869637 0
0.06321807444455793 -0.4748104141384379
0.06654551871946093 2.106503631329137
0.0678378288929091 1.292310173448163
0.06821514778160516 0
0.06821514778160516 0
0 0
0 0
0 0
0 0
0 0
0 0
0 0
0 0
0 0
0 0
0 0
0 0
0 0
0 0
0 0
0 0
0 0
0 0
0 0
0 0
0 0
0 0
0 0
0 0
0 0
0 0
0 0
0 0
0 0
0 0
0 0
0 0
0 0
0 0
0 0
0 0
0 0
0 0
0 0
