0.2462357620008588 246.2357620008588
0.3023276995421375 56.09193754127867
0.3031287394452276 0.8010399030901616
0.3064873570962932 3.358617651065599
0.313494928453366 7.007571357072806
0.3244764476990715 10.98151924570551
0.3365125171878321 12.03606948876057
0.3490596496539601 12.54713246612799
0.3623719007222418 13.31225106828171
0.3765427792734246 14.17087855118282
0.3911528906913251 14.61011141790053
0.4063964412089567 15.24355051763154
0.4220185174054114 15.62207619645467
0.4375144681934986 15.49595078808724
0.4518396857580506 14.32521756455196
0.4586131610251386 6.773475267088047
0.4613296407463099 2.716479721171283
0.4626373065148236 1.307665768513711
0.463098615339772 0.461308824948381
0.4629948570863301 -0.1037582534418324
0.4623006034488139 -0.6942536375162955
0.4609648750020428 -1.335728446771101
0.4591277181044163 -1.837156897626424
0.4569546077904401 -2.173110313976268
0.4545771880269893 -2.377419763450739
0.4520767978334548 -2.500390193534541
0.4494926564598556 -2.584141373599136
0.4468372091323252 -2.655447327530425
0.4441134537373891 -2.723755394936134
0.441326028197935 -2.787425539454047
0.4384853446437842 -2.840683554150847
0.4356083355311009 -2.877009112683293
0.4327168033460451 -2.891532185055834
0.4298347365933134 -2.882066752731616
0.4269855415415629 -2.849195051750575
0.4241897528271535 -2.795788714409331
0.4214638339761043 -2.72591885104928
0.4188201396660304 -2.64369431007383
0.4162670291370192 -2.553110529011193
0.4138088283000115 -2.458200837007707
0.4114510798837638 -2.357748416247751
0.4091990072772548 -2.252072606509004
0.4070460047511122 -2.153002526142533
0.404991639837764 -2.054364913348261
0.4030395385770474 -1.952101260716543
0.4011947294356151 -1.844809141432369
0.399461137853039 -1.733591582576022
0.3978413871229549 -1.619750730084135
0.3963365656262441 -1.504821496710829
0.3949454007971787 -1.391164829065428
0.3936651568022413 -1.280243994937313
0.3924927963740487 -1.172360428192687
0.3914251777658689 -1.067618608179777
0.3904586994904487 -0.9664782754201795
0.3895887942381581 -0.869905252290637
0.3888095039031108 -0.7792903350473113
0.388113418299278 -0.6960856038327745
0.3874918997768754 -0.6215185224025532
0.3869354112661642 -0.5564885107112727
0.3864338676630155 -0.5015436031486353
0.3859767967125394 -0.4570709504760906
0.3855532933833011 -0.4235033292383505
0.3851526144453313 -0.4006789379697451
0.3847647588188865 -0.387855626444833
0.3843807559445779 -0.3840028743086199
0.3839927131268838 -0.388042817694112
0.383593662476727 -0.3990506501567181
0.3831772372675253 -0.4164252092017096
0.3827374212372765 -0.4398160302488408
0.3822685362134015 -0.4688850238749875
0.3817654060759099 -0.503130137491592
0.3812235644151462 -0.5418416607637089
0.3806393384360172 -0.5842259791290494
0.3800100105523057 -0.6293278837115057
0.3793338960279106 -0.6761145243950328
0.3786100823927429 -0.7238136351677693
0.3778385687415016 -0.7715136512412846
0.3770205156022755 -0.8180531392261159
0.3761582555967242 -0.8622600055512297
0.3752552284423332 -0.9030271543910007
0.3743157615197887 -0.9394669225445407
0.3733447674985574 -0.9709940212312418
0.3723475069363392 -0.9972605622182162
0.3713294241753906 -1.018082760948669
0.3702960735387202 -1.033350636670372
0.3692530763591906 -1.042997179529548
0.3682059894473625 -1.047086911828088
0.3671601748141883 -1.045814633174269
0.3661207476216764 -1.039427192511877
0.3650924559963746 -1.028291625301769
0.3640796220498041 -1.012833946570535
0.3630857868489482 -0.9938352008558859
0.3621131580673262 -0.9726287816219648
0.3611632901753787 -0.9498678919475645
0.3602378255363206 -0.9254646390580712
0.359338640418035 -0.8991851182856281
0.3584676706484267 -0.8709697696082652
0.357626639644691 -0.841031003735726
0.3568168007790283 -0.8098388656627153
0.3560387769834075 -0.778023795620808
0.3552924845489939 -0.7462924344135424
0.3545771314572536 -0.7153530917403117
0.3538912637583064 -0.6858676989472401
0.3532328487775638 -0.6584149807425943
0.3525993752596418 -0.6334735179219786
0.3519879659140988 -0.6114093455430458
0.351395469172576 -0.59249674152273
0.3508185471963182 -0.5769219762578048
0.3502537529112499 -0.5647942850682819
0.3496975943131717 -0.5561585980782269
0.349146591418271 -0.5510028949006762
0.3485973170405279 -0.5492743777431586
0.3480464428768643 -0.5508741636635617
0.3474908119104299 -0.5556309664344616
0.3469276046135073 -0.5632072969225521
0.3463545084810715 -0.5730961324357797
0.3457698192535381 -0.5846892275334636
0.3451724092363549 -0.5974100171831087
0.3445615224186858 -0.6108868176691873
0.343936771317595 -0.6247511010907258
0.3432980383077414 -0.6387330098536204
0.3426455457076105 -0.6524926001309495
0.3419799524073462 -0.6655933002642223
0.3413024181215795 -0.6775342857667788
0.3406147942600612 -0.6876238615182717
0.339919435245705 -0.6953590143561894
0.3392190262103179 -0.7004090353871506
0.3385164803129407 -0.7025458973771714
0.3378149694681419 -0.7015108447987473
0.3371178324856104 -0.6971369825314877
0.3364285309834865 -0.6893015021239846
0.3357504842135505 -0.6780467699359916
0.3350870120073006 -0.6634722062499043
0.3344413379997457 -0.6456740075548306
0.3338164123698579 -0.6249256298878625
0.3332150061434537 -0.6014062264041442
0.3326396263622135 -0.5753797812402262
0.3320925878475902 -0.5470385146232881
0.331575967771595 -0.5166200759951778
0.3310915779998868 -0.4843897717082268
0.3306409439419289 -0.450634057957866
0.3302250358920995 -0.4159080498294387
0.329844299247227 -0.3807366448724814
0.3294988949044669 -0.3454043427601472
0.3291887688299038 -0.3101260745630441
0.3289137243751476 -0.2750444547562347
0.3286733590508026 -0.2403653243449599
0.328463828172074 -0.2095308787286587
0.3282760538519958 -0.1877743200781601
0.3281064306457986 -0.1696232061972336
0.3279546004665863 -0.1518301792122756
0.3278210195377975 -0.1335809287888456
0.3277060409987972 -0.1149785390002767
0.327609720367998 -0.09632063079922926
0.3275320551134352 -0.0776652545627643
0.3274731844548046 -0.05887065863058316
0.3274332072661418 -0.03997718866283195
0.327412173708191 -0.0210335579507448
0.3274101033758609 -0.002070332330128544
0.3274269998404205 0.01689646455960148
0.3274628554990426 0.03585565862207485
0.3275176507487957 0.05479524975310346
0.327591352812463 0.07370206366735799
0.3276839165766263 0.09256376416327816
0.3277952841272475 0.1113675506211886
0.327925391170344 0.1301070430964613
0.3280741727455043 0.148781575160295
0.3282415711004072 0.1673983549029257
0.3284275454057185 0.1859743053113094
0.3286320752034114 0.2045297976928651
0.328855163063366 0.2230878599546182
0.3290968348709237 0.2416718075577418
0.3293571280522697 0.2602931813459608
0.3296358726441924 0.278744591922675
0.3299303956723511 0.2945230281586886
0.3302380666456037 0.3076709732526273
0.3305589654496076 0.3208988040039329
0.3308934539204328 0.3344884708251783
0.3312418896498716 0.3484357294387674
0.3316046126279892 0.36272297811768
0.3319819276944617 0.3773150664724834
0.3323740875605927 0.3921598661309478
0.3327812758477862 0.4071882871935495
0.3332035574984034 0.4222816506171401
0.3336408520428691 0.4372945444657272
0.3340929152798471 0.4520632369779953
0.3345593280161343 0.466412736287225
0.3350394845652042 0.4801565490698545
0.3355325819443584 0.4930973791542614
0.3360376112725334 0.5050293281749774
0.3365533530519196 0.5157417793861807
0.3370783690538051 0.525016001885481
0.337611014987592 0.5326459337869349
0.338149456643328 0.5384416557359661
0.3386916929558352 0.5422363125072716
0.3392355839163188 0.5438909604835729
0.3397789031847722 0.5433192684534127
0.3403193917649583 0.5404885801860715
0.3408548197742144 0.5354280092561003
0.3413830391124113 0.5282193381969114
0.3419020168388099 0.518977726398584
0.342409866968611 0.5078501298010907
0.3429049118628036 0.4950448941926089
0.3433857529921082 0.4808411293045767
0.3438512727932339 0.4655198011257466
0.3443005967751322 0.4493239818982864
0.344733054969262 0.4324581941297923
0.3451481576228519 0.4151026535899049
0.3455455890959925 0.3974314731405859
0.3459252001120113 0.3796110160188548
0.3462868838212 0.3616837091887093
0.3466271620263121 0.3402782051120101
0.3469360256716015 0.3088636452894256
0.347202101149795 0.2660754781935171
0.3474176093087811 0.2155081589860774
0.3475751589300953 0.1575496213142569
0.3476423981504216 0.06723922032630947
0.3476024786136337 -0.03991953678789129
0.3474632855701837 -0.1391930434500588
0.3472391066850047 -0.224178885179005
0.3469426945120903 -0.2964121729144287
0.3465851739387491 -0.3575205733411524
0.3461764901292479 -0.4086838095012091
0.3457260364863523 -0.4504536428956429
0.3452432049188348 -0.4828315675174388
0.3447377030845768 -0.5055018342580153
0.3442196129049484 -0.5180901796283943
0.3436991359790141 -0.5204769259342656
0.3431861775678484 -0.5129584111657204
0.3426904491589879 -0.4957284088604741
0.342224305210421 -0.4661439485669772
0.341802211101689 -0.4220941087319519
0.3414352252545004 -0.3669858471886389
0.341126527344378 -0.3086979101223908
0.3408708909334144 -0.2556364109635445
0.3406670086584409 -0.203882274973588
0.340510761805919 -0.1562468525218574
0.3403956320759486 -0.115129729970409
0.3403125896022693 -0.08304247367924011
0.3402491504291855 -0.06343917308382352
0.3401997792711225 -0.04937115806297188
0.3401618162694737 -0.03796300164887745
0.3401368317504435 -0.02498451903015786
0.3401276564551952 -0.009175295248298188
0.3401385660293499 0.01090957415467164
0.3401770808709673 0.03851484161743191
0.3402552753864741 0.0781945155067798
0.340390841655959 0.1355662694849102
0.3406088338469478 0.2179921909887805
0.3409449242306821 0.3360903837342777
0.3414510702132391 0.5061459825569936
0.3422041615282975 0.7530913150584073
0.343313831299131 1.109669770833543
0.3449115120492253 1.597680750094255
0.3470928722362669 2.181360187041681
0.3498503581911796 2.757485954912653
0.3530975166232949 3.24715843211526
0.3567494399105338 3.651923287238901
0.3607577322499675 4.008292339433783
0.3650982542979521 4.340522047984574
0.3697559451620131 4.657690864060982
0.3747211744603121 4.965229298298956
0.3799899641191561 5.268789658844031
0.385561405977104 5.571441857947945
0.3913876216787721 5.82621570166808
0.3974110132162487 6.023391537476607
0.403795858854987 6.384845638738256
0.4110778414234202 7.281982568433209
0.4194448932712668 8.367051847846641
0.4287484972165221 9.303603945255311
0.4382627707913441 9.514273574821985
0.4470307355714844 8.767964780140247
0.4542546652354135 7.223929663929152
0.459473346073249 5.218680837835499
0.4629871075080892 3.513761434840224
0.4651800368512444 2.192929343155126
0.4664573045835661 1.27726773232173
0.4671257493240448 0.6684447404787242
0.4673743985756765 0.2486492516316496
0.4671995605126541 -0.1748380630223756
0.4666128946257709 -0.5866658868831642
0.4657539442624626 -0.8589503633082973
0.4648497314648887 -0.9042127975739667
0.4641049449926078 -0.7447864722808228
0.4636356636893117 -0.4692813032960985
0.4634469504848727 -0.1887132044390283
0.4634360417542265 -0.01090873064624187
0.4635160467053907 0.08000495116422535
0.4636102676382324 0.0942209328417265
0.4636349427122143 0.0246750739818502
0.4633929650512223 -0.2419776609919877
0.4626988264916146 -0.6941385596076488
0.4614543407327221 -1.244485758892522
0.4596866721115767 -1.767668621145468
0.5225077886654539 62.82111655387723
0.5200413946997501 -2.466393965703806
0.51748812154352 -2.553273156230107
0.5150202545633067 -2.467866980213285
0.5127680798845051 -2.252174678801566
0.5108013327481017 -1.966747136403435
0.509129237498133 -1.672095249968697
0.5077068317446691 -1.422405753463862
0.5064434642977081 -1.263367446960983
0.5052148812499719 -1.228583047736209
0.5038781011261966 -1.336780123775361
0.5022805576456231 -1.597543480573504
0.5002669976289291 -2.013560016693949
0.4976917771153745 -2.575220513554577
0.4944375237979439 -3.254253317430622
0.4904369552668291 -4.000568531114856
0.4856882990017919 -4.748656265037121
0.4802582099403809 -5.43008906141107
0.4742737023770751 -5.984507563305763
0.4679037883154974 -6.369914061577719
0.4613367049387236 -6.567083376773808
0.4547589623404878 -6.577742598235791
0.4483379482472801 -6.421014093207722
0.4422095848946914 -6.128363352588706
0.4364716939139165 -5.737890980774873
0.4311826269711057 -5.289066942810838
0.4263636745701381 -4.818952400967579
0.4220036235099832 -4.360051060154857
0.4180651363754783 -3.938487134504898
0.4144922067820334 -3.572929593444907
0.4112177767812996 -3.274430000733797
0.4081704414195272 -3.047335361772374
0.4052794411942369 -2.891000225290319
0.4024782269523474 -2.801214241889505
0.399707512456962 -2.770714495385407
0.3969185597777035 -2.78895267925855
0.394075819720308 -2.842740057395488
0.3911587587054473 -2.917061014860667
0.3881625857488655 -2.996172956581777
0.3850979339737246 -3.064651775140925
0.3819889605336374 -3.108973440087204
0.3788702860207381 -3.118674512899322
0.3757835934090591 -3.086692611678987
0.3727732490364313 -3.01034437262776
0.369882143065138 -2.891105971293328
0.3671479617586455 -2.7341813064925
0.3646000243108484 -2.547937447797077
0.3622570549573343 -2.342969353514135
0.360125898405204 -2.131156552130309
0.3582018052637505 -1.924093141453531
0.3564698074965875 -1.731997767162929
0.3549069519310252 -1.562855565562349
0.3534852847962332 -1.421667134791971
0.3521751568153606 -1.3101279808726
0.3509484005205608 -1.226756294799791
0.3497808998122723 -1.167500708288527
0.3486542209318019 -1.126678880470411
0.3475561528906441 -1.098068041157807
0.3464804380513377 -1.075714839306352
0.34542598195779 -1.054456093547707
0.3443957676966579 -1.03021426113209
0.3433955342351806 -1.000233461477318
0.3424323165629706 -0.9632176722099706
0.3415130317346453 -0.9192848283253174
0.3406432957386885 -0.8697359959568551
0.3398265792636154 -0.8167164750730871
0.3390637541589626 -0.7628251046527534
0.3383530398776378 -0.7107142813248535
0.3376903188353642 -0.6627210422736063
0.3370697540842147 -0.6205647511494106
0.3364846096863052 -0.5851443979095206
0.3359281464908126 -0.5564631954926291
0.3353944534187149 -0.5336930720976629
0.3348790829027444 -0.5153705159705035
0.3343793943288529 -0.4996885738915435
0.3338945670498128 -0.4848272790400898
0.333425308468615 -0.46925858119784
0.3329733377698341 -0.4519706987808902
0.3325407600619907 -0.4325777078433846
0.3321294435247487 -0.4113165372420235
0.3317404975775268 -0.3889459472218859
0.3313739297252096 -0.3665678523171456
0.3310285185994628 -0.345411125746875
0.3307019207276379 -0.3265978718248186
0.3303909980850014 -0.3109226426365463
0.3300923015449114 -0.2986965400900154
0.3298026106024813 -0.289690942430032
0.3295194201359272 -0.2831904665541729
0.329241285351544 -0.278134784383155
0.3289679603231708 -0.2733250283731836
0.3287003044984149 -0.267655824755908
0.3284399794143231 -0.2603250840918503
0.3281890004576731 -0.2509789566499943
0.3279492362027563 -0.2397642549167855
0.3277219556973997 -0.2272805053565863
0.3275075108283012 -0.2144448690984957
0.3273052107762639 -0.2023000520373075
0.327113405701446 -0.191805074817919
0.3269297694220956 -0.1836362793504187
0.32675172985772 -0.178039564375565
0.3265769589192378 -0.1747709384822271
0.3264038112594554 -0.17314765978238
0.3262316216942949 -0.1721895651605188
0.32606080811086 -0.1708135834348479
0.3258927707656816 -0.1680373451784511
0.325729604171434 -0.1631665942475324
0.3255736543727282 -0.1559497987058678
0.3254270074828306 -0.1466468898975726
0.3252910774081568 -0.1359300746737735
0.3251663666952956 -0.1247107128611868
0.3250530322926753 -0.1133344026203464
0.3249525478299967 -0.1004844626786294
0.324868297615986 -0.08425021401070598
0.3248041470642912 -0.06415055169478601
0.3247628644710334 -0.04128259325780759
0.3247418873745706 -0.0209770964627598
0.3247352931963139 -0.006594178256713601
0.3247408018843513 0.00550868803739224
0.3247587732221738 0.01797133782249771
0.3247890820202176 0.03030879804377662
0.3248290950704219 0.04001305020434609
0.3248780626885403 0.04896761811840067
0.3249364834470245 0.05842075848422335
0.3250055702701534 0.06908682312883885
0.3250874558764855 0.0818856063320994
0.3251852749259806 0.09781904949518472
0.3253031228417789 0.1178479157982748
0.3254458893474907 0.1427665057118221
0.3256189524149423 0.1730630674515177
0.3258277577473578 0.2088053324155736
0.3260773166635392 0.2495589161813361
0.3263716730412876 0.2943563777484393
0.326713436395269 0.3417633539813947
0.3271035021643119 0.3900657690429354
0.3275410672063185 0.437565042006538
0.328023968062269 0.4829008559504855
0.3285492664490894 0.5252983868204164
0.3291139161570011 0.5646497079117019
0.3297153032047495 0.6013870477484251
0.330351497678072 0.6361944733225267
0.3310211347888286 0.6696371107565158
0.3317229386080998 0.7018038192712628
0.3324549922621068 0.73205365400697
0.3332139344045333 0.7589421424264997
0.3339943194612379 0.78038505670458
0.3347665233885152 0.7722039272773373
0.3354264660143829 0.6599426258676599
0.3358792286028609 0.4527625884780395
0.3360953081795062 0.2160795766453227
0.3359445511327057 -0.1507570468005648
0.3354047284094884 -0.5398227232172315
0.3346675200815697 -0.7372083279187369
0.3340106386048703 -0.6568814766993447
0.333654606819034 -0.3560317858363193
0.3335656076295819 -0.08899918945209917
0.3337320100482111 0.1664024186291968
0.3347953972821526 1.063387233941449
0.3360662220174877 1.27082473533513
0.3371491872943028 1.082965276815118
0.337856215996595 0.7070287022921673
0.338296043242385 0.4398272457900032
0.3385463238634364 0.2502806210514241
0.3383190918387408 -0.2272320246956561
0.3385532077219918 0.06377583054711922
0.3391688933136753 0.615685591683568
0.3394392948490781 -0.001969155542957957
0.3386599809919795 -0.7793138570985625
0 0
0 0
0 0
0 0
0 0
0 0
0 0
0 0
0 0
0 0
0 0
0 0
0 0
0 0
0 0
0 0
0 0
0 0
0 0
0 0
0 0
0 0
0 0
0 0
0 0
0 0
0 0
0 0
0 0
0 0
0 0
0 0
0 0
0 0
0 0
0 0
0 0
0 0
0 0
