0.3371244745688593 337.1244745688593
0.3376519909076645 0.5275163388052118
0.3380122197157579 0.360228808093388
0.3392889327322686 1.276713016510722
0.3437710076819681 4.482074949699488
0.3523396161908008 8.568608508832732
0.3623244961940819 9.984880003281072
0.3732269235424138 10.90242734833186
0.3851537701738945 11.92684663148069
0.3983697479559359 13.21597778204142
0.4125977394868772 14.22799153094129
0.4278945061938496 15.29676670697244
0.4440951678045287 16.20066161067912
0.4607622230441435 16.66705523961476
0.4771267828495021 16.36455980535856
0.4868244588542302 9.69767600472815
0.4903633903659353 3.538931511705146
0.4921157896257101 1.752399259774717
0.4929017704823005 0.7859808565904847
0.4931516361352396 0.2498656529390519
0.4929506820984005 -0.2009540368391183
0.4922068101314079 -0.7438719669925486
0.4909653593104901 -1.241450820917811
0.4893682486170566 -1.59711069343349
0.4875416400166401 -1.826608600416557
0.4855687946053761 -1.972845411264024
0.4834902342034947 -2.078560401881369
0.4813180663631043 -2.172167840390371
0.4790509958104946 -2.267070552609718
0.4766868909704251 -2.364104840069492
0.4742303680451637 -2.456522925261384
0.471694998027353 -2.535370017810679
0.4691021344530331 -2.592863574319926
0.4664780087013342 -2.624125751698902
0.4638503684073487 -2.627640293985489
0.4612455001702858 -2.604868237062963
0.4586861104162847 -2.559389754001107
0.4561903250897559 -2.495785326528721
0.4537716374026181 -2.418687687137822
0.4514400461670657 -2.331591235552433
0.4492036081754215 -2.236437991644191
0.4470680941261431 -2.13551404927842
0.4450366768768767 -2.031417249266365
0.4431114147365296 -1.925262140347106
0.4412931741028908 -1.818240633638779
0.4395816219532619 -1.71155214962887
0.4379760292995254 -1.605592653736554
0.4364755802948049 -1.500449004720461
0.4350798140226277 -1.39576627217719
0.4337890082262571 -1.290805796370642
0.4326035615580268 -1.185446668230339
0.4315230675350697 -1.080494022957068
0.4305454716325451 -0.9775959025246084
0.4296665965400447 -0.8788750925003974
0.4288803479049711 -0.7862486350735942
0.4281791052652957 -0.7012426396754146
0.4275540741191861 -0.6250311461096225
0.4269955704295374 -0.5585036896486595
0.4264932665204396 -0.5023039090977788
0.4260364496389147 -0.4568168815249352
0.4256143129803155 -0.4221366585991926
0.4252162430326968 -0.3980699476187066
0.4248320858533154 -0.3841571793813947
0.4244523778984798 -0.3797079548356064
0.4240685344402682 -0.3838434582116301
0.4236729628976158 -0.3955715426523509
0.4232590550823846 -0.413907815231207
0.4228209621322646 -0.4380929501199837
0.4223532984519558 -0.4676636803088163
0.4218509975542366 -0.5023008977191878
0.4213093909969685 -0.5416065572681483
0.4207244256072832 -0.5849653896852769
0.4200928985851942 -0.6315270220889624
0.4194126258316651 -0.6802727535291653
0.4186825322642014 -0.7300935674636189
0.4179026853115903 -0.7798469526111296
0.4170742995116791 -0.8283857999112354
0.4161996937195871 -0.8746057920919204
0.4152821803069053 -0.9175134126818141
0.4143259237085289 -0.9562565983763927
0.4133358156362519 -0.9901080722770073
0.4123173567408689 -1.01845889538299
0.4112765340673874 -1.040822673481545
0.4102196895275326 -1.056844539854773
0.4091533524785176 -1.066337049014987
0.4080840033498129 -1.069349128704711
0.4070178839234622 -1.066119426350709
0.4059609661408303 -1.05691778263195
0.4049189008648574 -1.042065275972892
0.4038969214609452 -1.021979403912188
0.4028994313669942 -0.9974900939510034
0.4019290798606218 -0.9703515063724244
0.4009871957133975 -0.9418841472242367
0.400074855565052 -0.912340148345514
0.3991931236664141 -0.8817318986379385
0.3983428352868911 -0.8502883795229454
0.397524665846028 -0.8181694408631035
0.3967390527320224 -0.7856131140056566
0.3959860405416705 -0.7530121903518983
0.3952651473244669 -0.7208932172035332
0.3945752862329993 -0.6898610914676251
0.3939147524933778 -0.6605337396214939
0.3932812760580193 -0.6334764353585487
0.3926721034122115 -0.6091726458077318
0.3920840929517908 -0.5880104604207848
0.3915138323211538 -0.5702606306369207
0.3909577572974933 -0.5560750236605627
0.3904122288153525 -0.5455284821407336
0.3898736268180775 -0.5386019972750677
0.3893384050723349 -0.5352217457425534
0.3888031788842312 -0.535226188103699
0.3882647329827356 -0.5384459014956544
0.387720114906758 -0.5446180759775543
0.3871667386645056 -0.5533762422523791
0.3866025420952226 -0.5641965692830264
0.386026179605471 -0.5763624897515696
0.3854369991065479 -0.5891804989231475
0.3848350140027103 -0.6019851038376323
0.3842205182949094 -0.6144957078008106
0.383594219212504 -0.6262990824054127
0.3829571899798143 -0.6370292326897675
0.3823108132986425 -0.6463766811717342
0.3816569405548123 -0.6538727438302194
0.3809976916195232 -0.6592489352891251
0.3803355544682098 -0.6621371513134133
0.3796733585562446 -0.6621959119651466
0.3790141598727841 -0.6591986834604824
0.3783611936903307 -0.6529661824534738
0.3777178230926578 -0.6433705976728876
0.3770874686435028 -0.6303544491549906
0.3764735358001066 -0.6139328433962254
0.3758793394944683 -0.5941963056382282
0.3753080286697076 -0.5713108247606957
0.3747625184037873 -0.5455102659203126
0.3742454425610426 -0.5170758427446853
0.3737591369642586 -0.4863055967840313
0.3733056380566343 -0.4534989076243057
0.3728866837187526 -0.418954337881694
0.3725037127661903 -0.3829709525622893
0.3721578689796223 -0.3458437865680453
0.371850011848483 -0.3078571311392886
0.37158072988743 -0.269281961053025
0.3713503534355597 -0.23037645187024
0.3711589671172423 -0.1913863183174436
0.371006424998492 -0.1525421187502651
0.3708923682210504 -0.1140567774416401
0.3708162428864656 -0.07612533458478676
0.3707767962552641 -0.03944663120153402
0.370766458888712 -0.01033736655209339
0.370775758693369 0.009299804657025845
0.3707994117033682 0.02365300999923603
0.370836516020188 0.03710431681974713
0.3708879932824022 0.05147726221427229
0.3709547143573484 0.0667210749461522
0.3710374936996714 0.08277934232298056
0.3711370815996609 0.09958789998948392
0.3712541545458043 0.1170729461434927
0.3713893063594598 0.1351518136554208
0.3715430429632862 0.1537366038264487
0.3717157780024672 0.1727350391809712
0.3719078293524083 0.1920513499411025
0.372119416110606 0.2115867581977127
0.3723506530206125 0.2312369100064826
0.3726015430147303 0.25088999411782
0.372871969646227 0.2704266314967341
0.3731616903698225 0.2897207235954546
0.3734703369013189 0.308646531496426
0.3737974179520528 0.3270810507339239
0.3741423345536223 0.3449166015694893
0.3745043958806856 0.3620613270632345
0.3748828432009774 0.3784473202918526
0.3752768620927341 0.3940188917566645
0.3756856007173005 0.4087386245664182
0.3761081651178996 0.4225644005990681
0.3765436290633367 0.4354639454370868
0.3769910507708594 0.4474217075227105
0.3774494636201302 0.4584128492708395
0.3779178787592278 0.4684151390975666
0.3783952835250924 0.4774047658646086
0.3788806332820284 0.4853497569359821
0.37937284435551 0.4922110734816298
0.3798707917782353 0.4979474227252978
0.3803733118651583 0.5025200869230306
0.3808792087212 0.5058968560416321
0.3813872625455486 0.5080538243485977
0.3818962381307914 0.5089755852428768
0.3824048926289291 0.508654498137695
0.3829119820384242 0.5070894094951206
0.3834162660260395 0.5042839876152616
0.3839165133741721 0.5002473481325875
0.3844115042482836 0.4949908741115339
0.3849000239152295 0.488519666945908
0.3853808777167239 0.4808538014943742
0.3858528984826451 0.4720207659211773
0.3863149384808138 0.4620399981687395
0.3867658762228637 0.4509377420499061
0.387204631706756 0.4387554838922725
0.3876301694287507 0.4255377219946621
0.3880415085889763 0.4113391602256211
0.3884377272672636 0.3962186782872634
0.3888179827129394 0.3802554456758811
0.3891815088321089 0.363526119169455
0.3895276236695936 0.3461148374847012
0.3898557329889431 0.3281093193495122
0.390165331424422 0.3095984354788972
0.3904560045853163 0.2906731608942614
0.3907274318867208 0.2714273014045587
0.3909793875743695 0.2519556876486306
0.3912117395618381 0.2323519874686264
0.3914244472226315 0.2127076607933986
0.3916172902683526 0.1928430457211472
0.3416573019581396 -49.95998831021298
0.3418135708993628 0.1562689412231699
0.3419717883277686 0.1582174284058269
0.3420942160873184 0.1224277595497925
0.3421699446078137 0.07572852049531065
0.3421628668323214 -0.007077775492358995
0.3420696558285655 -0.09321100375586644
0.3419005334683816 -0.1691223601839598
0.3416587431178396 -0.2417903505420038
0.3413457034643816 -0.3130396534579138
0.3409653492173454 -0.380354247036252
0.3405247544583695 -0.4405947589758985
0.3400332229781352 -0.4915314802343418
0.3395011238383447 -0.5320991397904096
0.3389261997691396 -0.5749240692051738
0.338300777592748 -0.6254221763915546
0.337641196376567 -0.6595812161810377
0.3369641214943478 -0.6770748822191863
0.3309645706878636 -5.999550806484177
0.3358459995740251 10.82640643272215
0.3352194269420837 -0.62657263194138
0.3346457440646244 -0.5736828774592362
0.3341349798240696 -0.5107642405548507
0.3336936318987456 -0.4413479253240205
0.3333256334738488 -0.3679984248967649
0.3330322900568837 -0.293343416965075
0.3328128815416219 -0.2194085152618097
0.332662302112242 -0.1505794293799601
0.3325741824421883 -0.08811967005367682
0.3325447239409325 -0.02945850125574134
0.3325735188166346 0.02879487570200956
0.3326438775969163 0.07035878028177622
0.3327623936238158 0.1185160268994956
0.3329497706979643 0.1873770741485092
0.333241824243961 0.2920535459966511
0.3336967646742639 0.4549404303029192
0.3343872968105097 0.6905321362458139
0.3353523926409274 0.965095830417706
0.3365831952752167 1.230802634289263
0.3380951622328079 1.51196695759126
0.3399569149170542 1.861752684246265
0.3422848030134678 2.327888096413544
0.3452189436077593 2.934140594291534
0.3488553240903826 3.636380482623325
0.3531689162845956 4.313592194212956
0.3580151096664314 4.846193381835784
0.3633134892260851 5.298379559653732
0.3690238311666226 5.710341940537488
0.3751110502203113 6.087219053688752
0.3815480381262668 6.436987905955482
0.3883198103163155 6.771772190048708
0.3954233072228879 7.103496906572359
0.4028586796129404 7.435372390052541
0.4105916017503761 7.732922137435705
0.4186430804240495 8.051478673673396
0.4272866854795555 8.643605055505986
0.4370932089449913 9.806523465435813
0.4481631421348103 11.06993318981897
0.4605260761140421 12.36293397923183
0.4732466538212068 12.72057770716467
0.4853122828669341 12.06562904572733
0.4954692704405158 10.15698757358169
0.5033858251874708 7.916554746954962
0.5091694243971623 5.783599209691515
0.5132914472638458 4.122022866683506
0.5159806587194643 2.689211455618512
0.5175879418576915 1.607283138227222
0.518386771502456 0.7988296447645205
0.5185005333211606 0.1137618187045941
0.5180355333546701 -0.4649999664905202
0.5172461075232618 -0.7894258314082858
0.5163983354463511 -0.8477720769107799
0.5155876828347167 -0.8106526116343771
0.5148526300979197 -0.7350527367969706
0.5141705038524781 -0.6821262454416166
0.5134709473732076 -0.6995564792704467
0.5127359242371997 -0.7350231360079285
0.5119733687630946 -0.7625554741050866
0.511129552637609 -0.8438161254856746
0.5100425968242142 -1.086955813394797
0.5085374950534209 -1.505101770793216
0.5065452320369356 -1.992263016485363
0.5041068540471174 -2.438377989818163
0.5013539947018273 -2.752859345290126
0.4984642244569917 -2.889770244835554
0.4956095576557678 -2.854666801223926
0.4929076119702138 -2.701945685554041
0.4903933206453446 -2.514291324869189
0.4880196657048003 -2.373654940544312
0.4856779460988145 -2.341719605985726
0.4832261918742146 -2.451754224599922
0.4805161385069245 -2.710053367290133
0.4774148461801925 -3.101292326731953
0.4738154554544484 -3.599390725744167
0.4696363774402153 -4.179078014233061
0.4648149972332881 -4.821380206927183
0.4593083513830338 -5.506645850254288
0.4531022134248707 -6.20613795816316
0.4462272670171881 -6.874946407682603
0.4387735915776469 -7.453675439541119
0.4308893390776896 -7.884252499957333
0.4227636820646569 -8.125657013032693
0.414601180148538 -8.162501916118892
0.4065949770029906 -8.006203145547452
0.3989063548522074 -7.688622150783197
0.3916528554239151 -7.253499428292287
0.384905570406829 -6.747285017086046
0.3786935536996423 -6.21201670718674
0.3730109593660236 -5.682594333618729
0.3678251670283119 -5.185792337711659
0.3630844075472466 -4.740759481065282
0.3587247775550895 -4.35962999215711
0.3546768082892992 -4.047969265790374
0.3508714037927602 -3.805404496538933
0.3472444182740874 -3.626985518672798
0.3437392770564672 -3.505141217620189
0.3403083877504934 -3.430889305973794
0.3370641835558 -3.244204194693401
0.3346700883330084 -2.394095222791659
0.3321896747796357 -2.480413553372696
0.3296223646946516 -2.56731008498412
0.3269821050856367 -2.640259609014872
0.3242955856268795 -2.686519458757142
0.3215990776566552 -2.696507970224304
0.3189345578127881 -2.664519843867119
0.3163455552496242 -2.589002563163967
0.3138728603880502 -2.472694861573976
0.3115509686454044 -2.321891742645743
0.3094055586276994 -2.145410017705074
0.3074515221826874 -1.954036445011964
0.3056921429073469 -1.759379275340534
0.3041195452279726 -1.572597679374288
0.3027162442287634 -1.403300999209156
0.3014575902820108 -1.258653946752619
0.3003148400867115 -1.142750195299302
0.2992584953064746 -1.056344780236862
0.298261464140451 -0.9970311660236209
0.2973015880757375 -0.9598760647135385
0.2963631717308217 -0.9384163449157601
0.2954373196611076 -0.9258520697140726
0.294521238799717 -0.9160808613906113
0.2936169532940339 -0.9042855056831112
0.2927298571036875 -0.8870961903464369
0.2918672859847752 -0.8625711189122476
0.2910371757127116 -0.8301102720635889
0.2904188642128536 -0.6183114998580819
0.2900337766079742 -0.385087604879375
0.2896983207148348 -0.3354558931393803
0.2894075586089804 -0.2907621058543808
0.2891537794184773 -0.2537791905031783
0.2889278261859105 -0.2259532325668001
0.2887203151641174 -0.2075110217930609
0.2885226561388445 -0.1976590252728561
0.2883278626672416 -0.1947934716028943
0.288131144241962 -0.196718425279685
0.287930239426989 -0.2009048149729797
0.2877250711927657 -0.2051682342232852
0.287516801396225 -0.2082697965407054
0.2873078362148143 -0.2089651814106697
0.287101592533741 -0.2062436810733037
0.2869018369309399 -0.1997556028011105
0.2867119181667745 -0.1899187641654088
0.2865341121047778 -0.1778060619966881
0.2863692045462764 -0.1649075585014037
0.2862163672299405 -0.1528373163358632
0.2860733201040315 -0.1430471259090682
0.2859367309414994 -0.1365891625321192
0.2858027853542678 -0.1339455872315098
0.2856678337318354 -0.1349516224324887
0.2855289998325793 -0.1388338992560634
0.2853846384731781 -0.1443613594011572
0.2852345568197753 -0.1500816534028004
0.2850799610368824 -0.1545957828928968
0.2849231486521628 -0.1568123847196512
0.2847670206671785 -0.1561279849842667
0.2846145165646551 -0.1525041025233764
0.2844680838120131 -0.1464327526420339
0.2843292807828802 -0.138803029132939
0.284198579991501 -0.130700791379168
0.2840753934215506 -0.1231865699504175
0.2839582978331201 -0.1170955884304825
0.2838454141456395 -0.1128836874805805
0.2837348745617483 -0.1105395838912338
0.2836252714094833 -0.1096031522649366
0.2835159888306402 -0.1092825788431284
0.2834073471572161 -0.1086416734241147
0.283300546984704 -0.1068001725120782
0.2831974317799 -0.1031152048040496
0.2831001099556284 -0.09732182427157898
0.2830105123932815 -0.08959756234688809
0.2829299677290755 -0.08054466420603923
0.2828589189199981 -0.07104880907732314
0.2827968916457959 -0.06202727420223653
0.2827431139666098 -0.05377767918612886
0.2826979450030032 -0.04516896360662326
0.2826637629103161 -0.03418209268707395
0.2826445687301632 -0.01919418015283725
0.2826447415197572 0.0001727895939662716
0.2826652001645323 0.02045864477512316
0.2827031378486775 0.03793768414517285
0.2827569054272506 0.05376757857306069
0.2828245237242873 0.06761829703677558
0.282906198875552 0.08167515126461522
0.2830022317401924 0.09603286464043848
0.2831125378423219 0.110306102129476
0.2832369337690071 0.1243959266852279
0.2833754997338846 0.1385659648774906
0.2835289570251042 0.153457291219572
0.2836989916137984 0.1700345886941901
0.2838884678633812 0.1894762495828206
0.284101471962539 0.2130040991578097
0.2843431874934538 0.2417155309148433
0.2846196098801144 0.2764223866605353
0.2849370265815935 0.3174167014791118
0.2853013400878313 0.3643135062377789
0.2857173539266671 0.416013838835827
0.2861881373613701 0.4707834347029705
0.2867146262828078 0.5264889214377511
0.2872955735425952 0.5809472597873566
0.2879278821834818 0.6323086408865919
0.2886072403961353 0.6793582126535802
0.289328880681979 0.7216402858436499
0.2900882518589959 0.7593711770169098
0.2908814228567174 0.7931709977214707
0.2917051076214904 0.8236847647730694
0.2925563154085533 0.8512077870628243
0.2934316845494903 0.875369140936999
0.2943262784878341 0.8945939383438462
0.2952152355900525 0.8889571022183684
0.2960254438538252 0.8102082637727603
0.2966769371230525 0.6514932692273101
0.2970990638672625 0.4221267442099941
0.2971906100616324 0.09154619436985145
0.2969274238844165 -0.263186177215935
0.2964226877912918 -0.5047360931246803
0.2959018311373045 -0.5208566539872672
0.2956082271125967 -0.2936040247077942
0.2956451896556353 0.03696254303858781
0.2960491296122644 0.4039399566291291
0.3199927805465336 23.94365093426914
0.2988161550476754 -21.17662549885813
0.3001660565784231 1.349901530747655
0.3012296038452982 1.063547266875131
0.3018983505155871 0.6687466702888223
0.3021851751679822 0.2868246523951568
0.3229049073983439 20.71973223036172
0.2222719495476446 -89.73263025011049
0.1421043392112921 0.4864578737320546
0.1619726868232412 19.86834761194914
0.1220850914724406 -39.88759535080067
0.09908043591139461 0.7373675062126717
0.1000257720671965 0.945336155801918
0.1008514766512158 0.8257045840192878
0.1014567200545487 0.6052434033329279
0.1022371938847439 0.780473830195208
0.1029326265138167 0.6954326290727619
0.1034747283379509 0.5421018241342362
0.1038328301030093 0.3581017650583218
0.1040556873774577 0.2228572744484569
0.1042239832770819 0.1682958996241518
0.1043864538461132 0.16247056903132
0.1046626472382854 0.2761933921722193
0.1051299014611481 0.4672542228627008
0.1056110715356415 0.4811700744933728
0.1059202148113544 0.3091432757129503
0.1059523535362544 0.0321387248999605
0.1055079004401946 -0.4444530960597964
0.1049661399431687 -0.5417604970258949
0.10491360055455 -0.052539388618697
0.1051584968300182 0.2448962754681705
0.1054862018409326 0.3277050109143781
0.1055182661398068 0.03206429887424311
0.1051069357316943 -0.4113304081124619
0 0
0 0
0 0
0 0
0 0
0 0
0 0
0 0
0 0
0 0
0 0
0 0
0 0
0 0
0 0
0 0
