-0.9259631391879382 -925.9631391879382
-0.9152158544921976 10.7472846957406
-0.9171210228147588 -1.905168322561268
-0.9174530179724996 -0.3319951577407387
-0.9159070230471955 1.545994925304051
-0.9122510343777567 3.655988669438837
-0.9065225642379553 5.728470139801378
-0.898760943145095 7.761621092860271
-0.8890662200242271 9.694723120867943
-0.8779004952058593 11.16572481836775
-0.8658917707133015 12.00872449255785
-0.8536450120534035 12.24675865989799
-0.8416399263723533 12.00508568105019
-0.8302863104334185 11.3536159389348
-0.8195357309016917 10.75057953172676
-0.808576753679437 10.9589772222547
-0.7959697322502185 12.60702142921854
-0.7817607084639264 14.20902378629207
-0.7663766243070448 15.38408415688164
-0.7501086055937303 16.26801871331451
-0.7329201452220123 17.18846037171795
-0.7144615220970153 18.45862312499702
-0.6942917944355971 20.16972766141823
-0.6720563372941781 22.23545714141894
-0.6475908602447926 24.46547704938551
-0.6209250262437902 26.66583400100242
-0.5922307811009158 28.69424514287444
-0.5617745292986459 30.45625180226985
-0.5298216715189256 31.95285777972034
-0.4965918522842151 33.22981923471047
-0.4622737683105675 34.31808397364755
-0.4270239381430414 35.24983016752614
-0.3909821139185073 36.04182422453406
-0.3542832783171828 36.69883560132459
-0.3170847116177685 37.19856669941424
-0.2795935627610239 37.49114885674465
-0.242019584535572 37.57397822545186
-0.204581754011979 37.43783052359301
-0.1647362954136532 39.84545859832578
-0.04792050447161296 116.8157909420403
-0.02364662787649213 24.27387659512083
-5.813659500367608e-45 23.64662787649213
-3.866499453233476e-87 5.813659500367608e-42
-2.313321568624124e-119 3.866499453233476e-84
-8.198210399500041e-144 2.313321568624124e-116
-2.259121192594014e-162 8.198210399500041e-141
-1.814247645334119e-176 2.259121192593996e-159
-3.524387965778774e-187 1.814247645298875e-173
-2.511374566448129e-195 3.524387940665028e-184
-1.571930466539397e-201 2.511372994517662e-192
-2.927510135300201e-206 1.571901191438044e-198
-7.154774013207241e-210 2.92679465789888e-203
-1.239160699740485e-212 7.142382406209837e-207
-9.600438823413484e-215 1.229560260917071e-209
-2.360692319929381e-216 9.364369591420546e-212
-1.415144991387501e-217 2.219177820790631e-213
-1.670148767596469e-218 1.248130114627854e-214
-3.256197616466427e-219 1.344529005949827e-215
-9.138307264567999e-220 2.342366890009627e-216
-3.333621486519697e-220 5.804685778048301e-217
-1.469615017921763e-220 1.864006468597934e-217
-7.436451059345455e-221 7.259699119872174e-218
-4.164728905006273e-221 3.271722154339182e-218
-2.515662934757613e-221 1.64906597024866e-218
-1.609255267920513e-221 9.064076668371002e-219
-1.07548594106568e-221 5.337693268548323e-219
-7.430282344466302e-222 3.3245770661905e-219
-5.263779589408625e-222 2.166502755057677e-219
-3.79958468541162e-222 1.464194903997005e-219
-2.779094246343523e-222 1.020490439068097e-219
-2.048168003579373e-222 7.309262427641501e-220
-1.511732041755646e-222 5.364359618237265e-220
-1.110141524042407e-222 4.015905177132396e-220
-8.057300709478489e-223 3.044114530945578e-220
-5.745298682973485e-223 2.312002026505004e-220
-4.008733889821694e-223 1.736564793151791e-220
-2.72921298677776e-223 1.279520903043934e-220
-1.796438400195694e-223 9.327745865820659e-221
-1.130720698767269e-223 6.657177014284246e-221
-6.723440777691098e-224 4.583766209981595e-221
-3.779160227656112e-224 2.944280550034985e-221
-2.097605220789497e-224 1.681555006866615e-221
-1.355005100927546e-224 7.426001198619511e-222
-1.258276934136929e-224 9.672816679061761e-223
-1.557297991108634e-224 -2.990210569717057e-222
-2.055396446587154e-224 -4.980984554785196e-222
-2.605612525208881e-224 -5.502160786217272e-222
-3.100410303702379e-224 -4.947977784934978e-222
-3.464140662668892e-224 -3.637303589665132e-222
-3.653043045903795e-224 -1.889023832349025e-222
-3.650138961113449e-224 2.904084790345341e-224
-3.458682847831436e-224 1.914561132820134e-222
-3.093014969113833e-224 3.656678787176034e-222
-2.57847684257523e-224 5.145381265386029e-222
-1.958270968980744e-224 6.202058735944858e-222
-1.292782392770701e-224 6.654885762100433e-222
-6.490756782660611e-225 6.437067145046397e-222
-8.481078499586282e-226 5.642648932701983e-222
3.643878819298645e-225 4.491986669257273e-222
6.830206828623647e-225 3.186328009325002e-222
8.589306169759769e-225 1.759099341136122e-222
8.834773530602869e-225 2.454673608431003e-223
7.638939026167017e-225 -1.195834504435852e-222
5.139886581666247e-225 -2.49905244450077e-222
1.548756819480363e-225 -3.591129762185884e-222
-2.772579724521259e-225 -4.321336544001623e-222
-7.451189236787015e-225 -4.678609512265755e-222
-1.218978869088691e-224 -4.738599454099895e-222
-1.66711132751085e-224 -4.481324584221593e-222
-2.059999038308021e-224 -3.928877107971705e-222
-2.380101274231438e-224 -3.201022359234176e-222
-2.609902379832074e-224 -2.298011056006353e-222
-2.731001491206723e-224 -1.210991113746495e-222
-2.734129141955967e-224 -3.127650749243988e-224
-2.622071939214334e-224 1.120572027416336e-222
-2.410689065315797e-224 2.113828738985368e-222
-2.128783577951798e-224 2.819054873639985e-222
-1.815563401782429e-224 3.132201761693695e-222
-1.514313946989142e-224 3.012494547932873e-222
-1.265571027059404e-224 2.48742919929738e-222
-1.098220726940918e-224 1.673503001184858e-222
-1.02322665741332e-224 7.499406952759723e-223
-1.033485547519602e-224 -1.025889010628165e-223
-1.108629423425487e-224 -7.514387590588495e-223
-1.224642827343483e-224 -1.160134039179961e-222
-1.359855751896191e-224 -1.352129245527078e-222
-1.496382878608345e-224 -1.365271267121542e-222
-1.619720899527352e-224 -1.233380209190065e-222
-1.718269216692301e-224 -9.854831716494915e-223
-1.783529311903813e-224 -6.526009521151172e-223
-1.810578600566668e-224 -2.704928866285509e-223
-1.798763246788814e-224 1.181535377785328e-223
-1.751920144997354e-224 4.68431017914602e-223
-1.677890233044084e-224 7.402991195327066e-223
-1.587436704893284e-224 9.045352815079949e-223
-1.492673775905417e-224 9.476292898786743e-223
-1.40523162634112e-224 8.744214956429627e-223
-1.334320912853153e-224 7.091071348796735e-223
-1.28515570849222e-224 4.9165204360933e-223
-1.258116780106599e-224 2.703892838562136e-223
-1.248900307364838e-224 9.216472741760924e-224
-1.249600103368105e-224 -6.99796003267001e-225
-1.250386270441126e-224 -7.861670730216391e-225
-1.241160830638303e-224 9.225439802822994e-224
-1.213332910042504e-224 2.78279205957995e-223
-1.161409710293225e-224 5.192319974927876e-223
-1.083699206614399e-224 7.771050367882642e-223
-9.827626802994682e-225 1.009365263149305e-222
-8.649435001203842e-225 1.17819180179084e-222
-7.383994943939926e-225 1.265440057263916e-222
-6.115970599891451e-225 1.268024344048475e-222
-4.92135653721757e-225 1.194614062673881e-222
-3.855857954524358e-225 1.065498582693212e-222
-2.945602583540368e-225 9.102553709839901e-223
-2.182735052224345e-225 7.628675313160234e-223
-1.527325380711046e-225 6.55409671513299e-223
-9.155097063973607e-226 6.118156743136849e-223
-2.7229758785054e-226 6.432121185468207e-223
4.736781417138203e-226 7.459757295643602e-223
1.376862276087206e-225 9.031841343733855e-223
2.465273412863175e-225 1.088411136775969e-222
3.73564780905012e-225 1.270374396186945e-222
5.152735848221868e-225 1.417088039171748e-222
6.65969776346552e-225 1.506961915243652e-222
8.189494710812394e-225 1.529796947346874e-222
9.683152741755726e-225 1.493658030943332e-222
1.108776496331493e-224 1.404612221559204e-222
1.237106749394474e-224 1.283302530629815e-222
1.353527643955631e-224 1.164208945611561e-222
1.462568407266266e-224 1.090407633106357e-222
1.56929082391265e-224 1.06722416646384e-222
1.682822703190003e-224 1.135318792773523e-222
1.806382164873231e-224 1.235594616832279e-222
1.94764858691049e-224 1.412664220372597e-222
2.112647939455258e-224 1.649993525447677e-222
2.295754885752282e-224 1.831069462970244e-222
2.474482080317696e-224 1.787271945654141e-222
2.628980188220152e-224 1.544981079024554e-222
2.776758389649038e-224 1.47778201428886e-222
2.943854452437929e-224 1.670960627888907e-222
3.139264457221944e-224 1.954100047840152e-222
3.364997043160662e-224 2.257325859387188e-222
3.618658964206452e-224 2.536619210457899e-222
3.894699394500407e-224 2.760404302939546e-222
4.185055173781284e-224 2.903557792808767e-222
4.480130235747431e-224 2.950750619661472e-222
4.770545648374632e-224 2.90415412627201e-222
5.04908996828674e-224 2.785443199121086e-222
5.312056965597751e-224 2.629669973110105e-222
5.559515538211236e-224 2.474585726134851e-222
5.796390807349863e-224 2.368752691386271e-222
6.036100824044226e-224 2.397100166943632e-222
6.290185194447178e-224 2.540843704029513e-222
6.568860143625156e-224 2.786749491779783e-222
6.880209702438583e-224 3.113495588134272e-222
7.230752290553313e-224 3.505425881147298e-222
7.616604525368179e-224 3.858522348148661e-222
8.031822440032253e-224 4.152179146640743e-222
8.463596563676552e-224 4.31774123644299e-222
8.900488832049794e-224 4.368922683732416e-222
9.325615905409038e-224 4.25127073359244e-222
9.726566886255712e-224 4.009509808466741e-222
1.009343319395417e-223 3.668663076984613e-222
1.042051891962538e-223 3.270857256712098e-222
1.070701604987253e-223 2.86497130247151e-222
1.095622142368966e-223 2.492053738171277e-222
1.117375978182801e-223 2.175383581383504e-222
1.136574453020758e-223 1.919847483795665e-222
1.153706476440743e-223 1.713202341998486e-222
1.168984628905307e-223 1.527815246456455e-222
1.183933810883162e-223 1.494918197785499e-222
1.130055984292086e-223 -5.387782659107634e-222
-1.027643907955772e-174 -1.027643907955772e-171
-9.925322462680381e-140 -9.92532246268038e-137
-9.68320750383798e-107 -9.68320750383798e-104
-8.336670631082314e-83 -8.336670631082315e-80
-4.30455781946502e-72 -4.304557819381654e-69
-6.230681102931478e-69 -6.226376545112013e-66
-1.190701861364694e-70 6.111610916795008e-66
-1.885021605505642e-79 1.190701859479672e-67
-4.281875784027812e-94 1.885021605505638e-76
-1.432419834936403e-111 4.281875784027811e-91
-1.361079086312537e-127 1.432419834936403e-108
-8.635201195714924e-140 1.361079086311673e-124
-1.133837161153391e-27 -1.133837161153391e-24
-0.02718633194812746 -27.18633194812746
-0.03448668835755964 -7.300356409432183
-0.04402238001646987 -9.535691658910231
-0.05572442579284217 -11.7020457763723
-0.1233794205888196 -67.65499479597744
-0.2967857193619968 -159.6974742633084
-0.4934757676298308 -196.6900482678339
-0.6736248667668456 -180.1490991370149
-0.8478658652519435 -174.2409984850979
-1.009565201613984 -161.69933636204
-1.152066587544743 -142.5013859307593
-1.269599421452315 -117.5328339075723
-1.357587796435218 -87.98837498290268
-1.412557145957895 -54.96934952267729
-1.430634530556728 -18.07738459883246
-1.395179683109573 35.45484744715499
-1.348727512828724 46.45217028084847
-1.267037530273905 81.68998255481941
-1.20350241446075 63.5351158131543
-1.265320332041228 -61.81791758047783
-1.383071236315726 -117.7509042744982
-1.440416788445556 -57.34555212982961
-1.439552965898662 0.8638225468944327
-1.380454681417816 59.09828448084519
-1.286034227797157 94.42045362065987
-1.178101179374528 107.9330484226286
-1.07224682909525 105.8543502792779
-0.9798608695936505 92.38595950159956
-0.928691446636523 51.16942295712745
-0.8718828392254121 56.80860741111093
-0.8275938142106477 44.28902501476439
-0.7944580137541306 33.1358004565171
-0.7714347987272415 23.02321502688909
-0.7582702848578948 13.16451386934669
-0.7553794344366014 2.890850421293445
-0.7634330799773253 -8.053645540723963
-0.7829764759198508 -19.54339594252541
-0.8141566134872 -31.18013756734927
-0.8565935360884049 -42.43692260120491
-0.9093573499865863 -52.76381389818141
-0.9710728756024325 -61.71552561584615
-1.040001973622692 -68.92909802025926
-1.113775188991371 -73.77321536867876
-1.189381420657067 -75.60623166569691
-1.263787333188963 -74.40591253189521
-1.334434383635807 -70.64705044684439
-1.399319295234711 -64.88491159890408
-1.456828018968531 -57.5087237338201
-1.505629992735439 -48.80197376690742
-1.544730822810035 -39.10083007459652
-1.573290732626971 -28.55990981693579
-1.59092580755937 -17.63507493239924
-1.597567988076489 -6.642180517119067
-1.593348771006636 4.219217069853176
-1.578795060735033 14.55371027160357
-1.554689723201851 24.10533753318167
-1.522049469392253 32.64025380959801
-1.482011443505593 40.03802588666017
-1.435765031092604 46.24641241298865
-1.384539657688285 51.22537340431887
-1.329631446072296 54.90821161598891
-1.272389378400939 57.24206767135676
-1.214182148337194 58.20723006374573
-1.156362923099093 57.8192252381009
-1.100219688503782 56.14323459531057
-1.046928439475068 53.29124902871407
-0.9974995545729423 49.42888490212594
-0.9527551095663604 44.74444500658181
-0.9133517617748628 39.40334779149768
-0.8798625473583692 33.48921441649355
-0.8528192291218839 27.04331823648531
-0.8326485611382352 20.17066798364875
-0.819602459886202 13.0461012520332
-0.8137431516910667 5.859308195135249
-0.8149596859606779 -1.216534269611214
-0.8230040675296505 -8.044381568972581
-0.8374818508858403 -14.47778335618977
-0.8577897364268615 -20.30788554102125
-0.8830848098674091 -25.2950734405476
-0.9124217809860529 -29.33697111864375
-0.9449084685233504 -32.48668753729756
-0.979695233292023 -34.7867647686726
-1.01593014281604 -36.23490952401709
-1.052748215898772 -36.81807308273233
-1.089271884523003 -36.52366862423095
-1.124623487754846 -35.35160323184261
-1.157958735588722 -33.33524783387575
-1.188506690573069 -30.54795498434726
-1.215607449734605 -27.10075916153642
-1.238724284427208 -23.11683469260251
-1.257448961659696 -18.7246772324885
-1.271491710656468 -14.04274899677205
-1.280679644294683 -9.187933638214574
-1.28493733620607 -4.257691911386807
-1.284311535363961 0.6258008421089478
-1.278894823601834 5.416711762127102
-1.268774023372976 10.12080022885797
-1.254156316289184 14.61770708379162
-1.235495942879522 18.66037340966264
-1.213395173114457 22.10076976506503
-1.188508156762902 24.88701635155444
-1.161474425887772 27.03373087513028
-1.132882790944644 28.59163494312766
-1.103256683608287 29.62610733635707
-1.073050352682819 30.20633092546809
-1.042654262770981 30.39608991183784
-1.012405380332761 30.2488824382201
-0.9825964608500163 29.80891948274478
-0.9534787213219097 29.11773952810659
-0.9253963778695748 28.08234345233485
-0.8993467625577611 26.04961531181371
-0.8753764257618111 23.97033679595006
-0.8533382552298713 22.03817053193979
-0.8331150752344465 20.22317999542478
-0.8146367412190011 18.47833401544541
-0.7978448211976304 16.79192002137064
-0.7826862594846652 15.15856171296526
-0.7690940879807686 13.59217150389658
-0.7570454544838853 12.04863349688334
-0.746703403529491 10.34205095439422
-0.7391653595324544 7.538043997036614
-0.7355975586842103 3.567800848244151
-0.7360225637831697 -0.4250050989593745
-0.7396163552155888 -3.593791432419113
-0.7456063364160319 -5.98998120044314
-0.7533828721856336 -7.776535769601689
-0.7624659895451221 -9.083117359488524
-0.7724455044086909 -9.979514863568738
-0.782966855692524 -10.52135128383314
-0.7937930976234849 -10.82624193096093
-0.8047574879225209 -10.96439029903595
-0.8157408913272053 -10.9834034046844
-0.8266584127782007 -10.91752145099545
-0.8374465250164845 -10.7881122382838
-0.8480575075806326 -10.61098256414805
-0.8584549558416881 -10.39744826105549
-0.8686135801123765 -10.15862427068848
-0.8785186324812738 -9.905052368897271
-0.8881563039054832 -9.637671424209348
-0.8975112509736463 -9.354947068163089
-0.9065704662208802 -9.059215247233965
-0.9153250974301738 -8.754631209293539
-0.9237690401065317 -8.443942676357951
-0.9318967242761206 -8.127684169588866
-0.9397044073326443 -7.807683056523684
-0.9471914873780106 -7.487080045366357
-0.954359038016364 -7.167550638353393
-0.9612084201732369 -6.849382156872919
-0.967740760915087 -6.532340741850051
-0.9739567937368736 -6.216032821786621
-0.9798564000019208 -5.899606265047153
-0.9854379184416859 -5.581518439765176
-0.9906969204140829 -5.259001972396926
-0.9956245166566891 -4.927596242606191
-1.000207928004678 -4.583411347989008
-1.004433628270288 -4.22570026561031
-1.008289834893807 -3.856206623519043
-1.011767565501931 -3.477730608123508
-1.014860615246572 -3.093049744640863
-1.017564792795592 -2.704177549020637
-1.019878105022777 -2.313312227184783
-1.021803595595342 -1.925490572564525
-1.023350001026222 -1.546405430879805
-1.024527545116487 -1.177544090265048
-1.025346351983271 -0.8188068667840387
-1.025814352837322 -0.4680008540516312
-1.025937950369178 -0.123597531855868
-1.02572200299047 0.2159473787084476
-1.025173646074277 0.5483569161923718
-1.024297147350628 0.876498723649588
-1.023097149705291 1.199997645336515
-1.021579275935047 1.517873770244149
-1.019748873740902 1.830402194144876
-1.017612301427423 2.136572313478746
-1.015177565284728 2.434736142695293
-1.012454996110794 2.722569173933875
-1.009454402731075 3.000593379719696
-1.006184901576832 3.269501154242072
-1.002656823725501 3.528077851331579
-0.9988844946859311 3.772329039569811
-0.9948830152506309 4.001479435300159
-0.990668247177738 4.214768072892894
-0.9862557283414298 4.412518836308221
-0.9816598231003066 4.595905241123188
-0.9768934407042847 4.766382396021895
-0.9719683702403723 4.92507046391244
-0.9668960784661165 5.072291774255833
-0.9616885817257008 5.207496740415651
-0.9563614982637382 5.327083461962645
-0.9509378102404663 5.423688023271866
-0.9454442194505468 5.493590789919511
-0.9399069950484209 5.537224402125895
-0.9343500450166785 5.556950031742391
-0.9287948388010585 5.555206215620001
-0.9232604766289878 5.534362172070706
-0.9177660791320502 5.494397496937586
-0.9123340945551283 5.431984576921955
-0.9069302350262352 5.403859528893107
-0.901294581087945 5.635653938290131
-0.8952962394269143 5.998341661030748
-0.8890085382910012 6.287701135913037
-0.8826332455243745 6.375292766626739
-0.876418138156526 6.215107367848471
-0.8705871985825868 5.830939573939209
-0.8653081836227705 5.279014959816308
-0.8606810848071659 4.627098815604636
-0.8567442219541489 3.936862853016976
-0.8534871916908703 3.257030263278615
-0.8508668307758924 2.62036091497786
-0.8488222683953064 2.044562380586035
-0.8472912859289125 1.530982466393938
-0.846211562438855 1.079723490057471
-0.8455362109821589 0.6753514566960606
-0.8452266091094813 0.3096018726775895
-0.8452817100521048 -0.0551009426235094
-0.8458299774724782 -0.5482674203733939
-0.8469408932417618 -1.110915769283571
-0.8485737511585186 -1.632857916756825
-0.8506889523299034 -2.115201171384751
-0.8532505880494374 -2.56163571953405
-0.8563660084946042 -3.115420445166772
-0.8601866040895549 -3.820595594950738
-0.864786484165868 -4.599880076313068
-0.8701187578564864 -5.332273690618394
-0.8760257050555996 -5.906947199113222
-0.8652157585952744 10.80994646032518
-0.8920862620754777 -26.87050348020325
-0.8986264368769666 -6.54017480148894
-0.9050658270805503 -6.439390203583639
-0.9113250749225061 -6.259247841955862
-0.9173400025159377 -6.014927593431585
-0.9080704259946779 9.269576521259815
-0.9889066254442902 -72.29983613950318
-1.057396518903 -3.627638363566277
-1.050702300221404 6.69421868159592
-1.078645051339785 -27.94275111838051
-1.096639069107985 -4.415682082903549
-1.10296327289349 -6.324203785505134
-1.109153065950986 -6.189793057495896
-1.114151233894106 -4.998167943120135
-1.121196778012071 -7.045544117964653
-1.128567616846925 -7.370838834854565
-1.13683070294116 -8.26308609423454
-1.145965275169254 -9.134572228093552
-1.155891947549651 -9.926672380397461
-1.166124429826338 -10.23248227668705
-1.173295136206156 -7.170706379818315
-1.180487958495816 -7.192822289660006
-1.189040309236314 -8.552350740497205
-1.197612459034882 -8.572149798568462
-1.206141181306565 -8.528722271682554
-1.214427150087167 -8.28596878060206
-1.222881860873204 -8.454710786037323
-1.231079355037839 -8.197494164635
-1.237535378151062 -6.45602311322313
-1.243449398019152 -5.914019868089593
-1.247770681450687 -4.321283431535372
-1.249997531943433 -2.226850492746069
-1.250135147488236 -0.1376155448027383
0 0
0 0
0 0
0 0
0 0
0 0
0 0
0 0
0 0
0 0
0 0
0 0
0 0
0 0
0 0
0 0
