-3.463891942238352e-226 -3.463891942238351e-223
-0.003238065668539199 -3.238065668539199
-0.001365713765261801 1.872351903277399
0.01086490546941271 12.23061923467451
0.03731607277648152 26.4511673070688
0.08009105657147415 42.77498379499264
0.1393522612099889 59.26120463851471
0.2130802808913506 73.72801968136172
0.2965922888999898 83.5120080086392
0.3830016780184288 86.40938911843898
0.4640273251030163 81.02564708458748
0.531133807644512 67.10648254149577
0.5764479433136461 45.31413566913411
0.5942254145861425 17.7774712724964
0.5838692610147368 -10.35615357140573
0.6335345149953353 49.66525398059851
0.7536510744328647 120.1165594375294
0.8376439047449652 83.99283031210048
0.8861417528568064 48.49784811184121
0.8838380965690069 -2.303656287799494
0.837756867062848 -46.08122950615889
0.7669895024776763 -70.76736458517175
0.6876958993868344 -79.29360309084188
0.6105455309337782 -77.15036845305623
0.5406402572637732 -69.90527367000499
0.4791526648317997 -61.48759243197349
0.4256507767588532 -53.50188807294648
0.3798448403718258 -45.8059363870274
0.3412908170211026 -38.55402335072322
0.3091032708556053 -32.18754616549724
0.2826907894694815 -26.4124813861239
0.2614840506237499 -21.20673884573154
0.2448862264658662 -16.59782415788366
0.2321312119482126 -12.75501451765368
0.2223073655162879 -9.823846431924659
0.2145634390722323 -7.74392644405561
0.2084834940470271 -6.079945025205174
0.2041179511470586 -4.365542899968544
0.2019987247591405 -2.119226387918033
0.20231146731783 0.3127425586894883
0.2049700388497756 2.658571531945597
0.2099278637134274 4.957824863651816
0.2168674733712923 6.939609657864803
0.2254691922869778 8.601718915685591
0.2354216648116576 9.952472524679761
0.2461901762231357 10.76851141147805
0.2571599093853909 10.96973316225525
0.2677306851727943 10.5707757874034
0.2771536580683859 9.422972895591631
0.2848162537915858 7.662595723199883
0.2902825863054013 5.466332513815453
0.2932013152184719 2.918728913070656
0.2934101436954927 0.208828477020806
0.2907516550129112 -2.658488682581561
0.2851896120469536 -5.562042965957525
0.2768218436048076 -8.367768442146039
0.2659695576040409 -10.85228600076671
0.2531447676359458 -12.82478996809511
0.238994642358372 -14.15012527757384
0.2242087670502805 -14.78587530809144
0.2094445535758142 -14.76421347446635
0.1952807638252095 -14.16378975060467
0.1822049966120679 -13.07576721314158
0.1705913694731581 -11.61362713890976
0.1606647854284672 -9.926584044690989
0.1522715160853311 -8.393269343136083
0.1448916299202831 -7.379886165047977
0.1382172468417324 -6.674383078550671
0.1321578763404692 -6.059370501263206
0.1267421646689184 -5.415711671550804
0.1219864972500723 -4.755667418846116
0.1178575798389309 -4.128917411141352
0.1142806460818142 -3.576933757116776
0.1111989717487234 -3.081674333090728
0.1085216064460391 -2.677365302684309
0.1061666680763017 -2.354938369737436
0.104000907637285 -2.165760439016659
0.1019059513187216 -2.094956318563462
0.09980218648557922 -2.103764833142355
0.09761573465083391 -2.186451834745307
0.09530901840976459 -2.306716241069318
0.09283007068859971 -2.478947721164887
0.09013792785398987 -2.692142834609834
0.08718525499238157 -2.952672861608302
0.08390338555378678 -3.281869438594792
0.0802085230761231 -3.694862477663679
0.07606215736440103 -4.146365711722069
0.07145284884554316 -4.609308518857866
0.06637989247505335 -5.072956370489809
0.06085409489489974 -5.525797580153618
0.05486677464977226 -5.987320245127478
0.04838814313056469 -6.478631519207564
0.04147346411174246 -6.914679018822235
0.03425761456327193 -7.215849548470529
0.02687748937072375 -7.38012519254818
0.01947073348770677 -7.406755883016973
0.01218120136779984 -7.289532119906933
0.005123390964270996 -7.057810403528846
-0.00161538356256764 -6.738774526838636
-0.007977989473217694 -6.362605910650053
-0.01392396807154988 -5.945978598332188
-0.01943502767766523 -5.511059606115351
-0.02455965062567104 -5.124622948005804
-0.02931039142543179 -4.750740799760754
-0.03367293373422171 -4.362542308789921
-0.03768361821006031 -4.010684475838598
-0.04136058035662919 -3.676962146568881
-0.04473159328386053 -3.371012927231333
-0.04783206587919114 -3.100472595330618
-0.05070135311334285 -2.86928723415171
-0.05340127735670529 -2.699924243362441
-0.05593182988768804 -2.530552530982742
-0.05829696430429142 -2.365134416603381
-0.06051791420631139 -2.220949902019973
-0.06262646168447511 -2.108547478163719
-0.06470742319324219 -2.080961508767076
-0.06685939075612893 -2.151967562886742
-0.06927753157667166 -2.41814082054273
-0.07189426065379319 -2.616729077121529
-0.07473057053420237 -2.836309880409185
-0.07770692120123893 -2.976350667036554
-0.08077151867842021 -3.064597477181283
-0.08395742104331833 -3.185902364898116
-0.08715775700014375 -3.200335956825423
-0.09040643809886975 -3.248681098726003
-0.09367956724524358 -3.273129146373829
-0.09695404624900295 -3.274479003759365
-0.1002126185481309 -3.258572299127946
-0.1034367441087043 -3.224125560573374
-0.1066098447452366 -3.17310063653238
-0.1097113102970812 -3.101465551844568
-0.1127084738971279 -2.997163600046718
-0.1155667688267693 -2.858294929641347
-0.1182482057346843 -2.681436907915058
-0.1207317683040341 -2.483562569349729
-0.1230008457515548 -2.269077447520765
-0.1250379931287386 -2.037147377183787
-0.1268228203932369 -1.784827264498329
-0.1283361678414384 -1.513347448201446
-0.1295643072696181 -1.228139428179703
-0.1304980122869874 -0.9337050173692796
-0.1311302490588216 -0.6322367718342714
-0.1314537021302514 -0.3234530714297246
-0.1314567714759785 -0.003069345727135797
-0.1311294682438298 0.3273032321486902
-0.1304674953764541 0.661972867375682
-0.1294751188427156 0.9923765337385426
-0.1281768374161598 1.298281426555747
-0.1266056881106373 1.571149305522518
-0.1247904931177503 1.815194992887029
-0.1227544501188989 2.036042998851434
-0.120518074523254 2.236375595644851
-0.1181014029734448 2.416671549809193
-0.1155253647591833 2.576038214261514
-0.1128124510180489 2.712913741134373
-0.1099869114009697 2.825539617079237
-0.1070746790752336 2.91223232573605
-0.1041032974397446 2.971381635489059
-0.1011013469282191 3.001950511525436
-0.09809675500457334 3.004591923645814
-0.09511587646344755 2.980878541125789
-0.09218256267678177 2.933313786665781
-0.08932725533524648 2.855307341535287
-0.08656469373901018 2.762561596236293
-0.0839036135655989 2.661080173411281
-0.08135359182475251 2.550021740846398
-0.07894375040770744 2.409841417045061
-0.07667830231244806 2.265448095259387
-0.0745935996765409 2.084702635907154
-0.07267712070294644 1.916478973594468
-0.07095657877117806 1.720541931768377
-0.06946481324140572 1.491765529772343
-0.06822676067197488 1.238052569430839
-0.06721654422311596 1.010216448858916
-0.06643626479421433 0.7802794289016313
-0.06588400420142081 0.5522605927935215
-0.06553523314681824 0.3487710546025702
-0.06537738005506999 0.1578530917482474
-0.06541310899400625 -0.03572893893626083
-0.0656497428466615 -0.2366338526552519
-0.06609148843248243 -0.4417455858209268
-0.06673906700333525 -0.6475785708528192
-0.06759003055673772 -0.8509635534024729
-0.06863850277602593 -1.048472219288207
-0.06987614916476417 -1.237646388738245
-0.07129403154287732 -1.417882378113147
-0.07288469021750395 -1.590658674626627
-0.07464171871510637 -1.757028497602425
-0.07655785312925521 -1.91613441414884
-0.07864283362050357 -2.084980491248361
-0.08087139376832775 -2.228560147824174
-0.08321328594365349 -2.341892175325738
-0.08566668761041557 -2.453401666762084
-0.08826640000473394 -2.599712394318374
-0.09096010773042669 -2.693707725692745
-0.09377056084919605 -2.81045311876936
-0.09667150387003286 -2.900943020836808
-0.09967101813593224 -2.999514265899381
-0.1027259781769827 -3.054960041050436
-0.1058119198679734 -3.085941690990759
-0.1089131912535532 -3.101271385579807
-0.1120098129023416 -3.096621648788336
-0.1150930019410109 -3.083189038669318
-0.1181535761730913 -3.060574232080407
-0.1211733579601295 -3.019781787038212
-0.1241295930529818 -2.956235092852241
-0.1270000805949799 -2.870487541998187
-0.1297626938483353 -2.762613253355389
-0.1323937853755257 -2.631091527190377
-0.1348705345933168 -2.476749217791063
-0.134272800479142 0.5977341141747416
-0.09678981517415287 37.48298530498916
-0.0737680112030188 23.02180397113407
-0.04878579171909324 24.98221948392557
-0.02678819407224972 21.99759764684352
-0.01715289049209376 9.635303580155963
-0.01313868332290622 4.014207169187543
-0.009962408363710318 3.176274959195898
-0.006585627094887509 3.376781268822808
-0.003028836439535613 3.556790655351897
0.0004543803198334042 3.483216759369017
0.003627718336099479 3.173338016266075
0.006352561400065638 2.724843063966159
0.008631571840025411 2.279010439959773
0.01109763315388771 2.466061313862296
0.0132176153172014 2.119982163313695
0.01506632551441229 1.848710197210886
0.01684335110091758 1.777025586505294
0.01908485942685343 2.241508325935851
0.03145934495612184 12.37448552926841
0.03811416784868463 0.06975714888231982
0.05223073454536097 14.11656669667633
0.07120903365640262 18.97829911104165
0.09460306467678417 23.39403102038155
0.1215431753811484 26.94011070436427
0.1511808724812327 29.63769710008425
0.1825416567194348 31.36078423820215
0.2143858935565799 31.84423683714504
0.2454523047338539 31.06641117727399
0.2746589636819809 29.20665894812707
0.3009932900787798 26.33432639679889
0.3236338677815842 22.64057770280436
0.3425585759884113 18.92470820682707
0.3611595315244494 18.60095553603813
0.383359920291277 22.20038876682761
0.4024937618823473 19.13384159107029
0.4146392160029677 12.1454541206204
0.4188128947642456 4.173678761277888
0.4156092547404684 -3.203640023777155
0.4061572752302887 -9.451979510179786
0.3914662915974862 -14.69098363280247
0.3725619311276318 -18.90436046985439
0.3500782263697267 -22.48370475790507
0.3245627434995199 -25.51548287020683
0.2969352729412675 -27.62747055825243
0.2683698323832269 -28.56544055804061
0.2401195965461557 -28.25023583707117
0.212918260928624 -27.20133561753171
0.1870588953661604 -25.85936556246354
0.1626985818225117 -24.3603135436487
0.1399780697105434 -22.72051211196829
0.1189971942432495 -20.98087546729393
0.09982018657209304 -19.17700767115646
0.08247490511165029 -17.34528146044276
0.0669527330463246 -15.52217206532569
0.05323964449737362 -13.71308854895098
0.03928617236525479 -13.95347213211883
0.02410859197966289 -15.1775803855919
0.009853499158161267 -14.25509282150162
1.135516643168383e-28 -9.853499158161267
1.435351327544436e-72 -1.135516643168383e-25
2.059003632594657e-108 -1.435351327544436e-69
1.31668914648617e-135 -2.059003632594657e-105
3.022969945290805e-156 -1.31668914648617e-132
6.447523059991892e-172 -3.022969945290805e-153
8.007178832346329e-184 -6.447523059983884e-169
7.096330908031474e-193 -8.007178825249997e-181
9.146437376433197e-200 -7.096329993387736e-190
5.14135313442328e-205 -9.146385962901853e-197
5.070254927697671e-209 -5.14084610893051e-202
4.41193622154245e-212 -5.065842991476129e-206
2.017439457718263e-214 -4.391761826965268e-209
3.276556051419856e-216 -1.984673897204065e-211
1.402020513235628e-217 -3.136354000096293e-213
1.253563085999968e-218 -1.276664204635631e-214
1.95144712301735e-219 -1.058418373698233e-215
4.584336385522493e-220 -1.493013484465101e-216
1.45665400234968e-220 -3.127682383172813e-217
5.769939033727471e-221 -8.79660098976933e-218
2.684264711341094e-221 -3.085674322386377e-218
1.405099601685484e-221 -1.27916510965561e-218
8.026251013665039e-222 -6.024745003189799e-219
4.894684768983798e-222 -3.131566244681241e-219
3.134682722751874e-222 -1.760002046231924e-219
2.078482209633227e-222 -1.056200513118647e-219
1.409182803604778e-222 -6.692994060284496e-220
9.679616450041519e-223 -4.41221158600626e-220
6.693279160044048e-223 -2.98633728999747e-220
4.636340388318449e-223 -2.056938771725599e-220
3.202783396569801e-223 -1.433556991748648e-220
2.196582436359905e-223 -1.006200960209896e-220
1.48957946579364e-223 -7.070029705662646e-221
9.958637736083025e-224 -4.937156921853379e-221
6.556293888507503e-224 -3.402343847575522e-221
4.251545672175503e-224 -2.304748216331999e-221
2.713800500521809e-224 -1.537745171653694e-221
1.699811781791494e-224 -1.013988718730315e-221
1.044118740783494e-224 -6.556930410080002e-222
6.329134660397967e-225 -4.112052747436973e-222
3.856393158439184e-225 -2.472741501958782e-222
2.465220034110833e-225 -1.391173124328351e-222
1.747890114926317e-225 -7.173299191845163e-223
1.417207982838381e-225 -3.30682132087936e-223
1.288730036195834e-225 -1.284779466425473e-223
1.244341607052686e-225 -4.438842914314776e-224
1.213792732944476e-225 -3.05488741082094e-224
1.157564880170197e-225 -5.622785277427961e-224
1.060106216521358e-225 -9.745866364883874e-224
9.202461951959383e-226 -1.398600213254197e-223
7.45326688968395e-226 -1.749195062275433e-223
5.485183327818422e-226 -1.968083561865528e-223
3.452948684546442e-226 -2.03223464327198e-223
1.54888846233747e-226 -1.904060222208972e-223
-4.978669249627675e-228 -1.598675154833747e-223
-1.242183194287463e-226 -1.192396501791186e-223
-2.022551635518167e-226 -7.803684412307038e-224
-2.458767291464389e-226 -4.362156559462218e-224
-2.669340710527694e-226 -2.105734190633049e-224
-2.790075706717126e-226 -1.207349961894317e-224
-2.991884546465408e-226 -2.018088397482821e-224
-3.420309896975803e-226 -4.284253505103958e-224
-4.175577317849324e-226 -7.5526742087352e-224
-5.361121938898513e-226 -1.18554462104919e-223
-6.998008000876485e-226 -1.636886061977972e-223
-9.038673349293309e-226 -2.040665348416824e-223
-1.141850638468828e-225 -2.379833035394968e-223
-1.398906807657342e-225 -2.570561691885147e-223
-1.655648183529226e-225 -2.567413758718834e-223
-1.890756339469607e-225 -2.351081559403816e-223
-2.085026525176163e-225 -1.942701857065558e-223
-2.215409436856714e-225 -1.303829116805505e-223
-2.26009321877902e-225 -4.468378192230595e-224
-2.205703907753393e-225 5.438931102562726e-224
-2.054352530952217e-225 1.513513768011756e-223
-1.827408329828168e-225 2.269442011240485e-223
-1.560969940096817e-225 2.664383897313519e-223
-1.300326919707463e-225 2.606430203893533e-223
-1.087829608887581e-225 2.124973108198818e-223
-9.539445293530366e-226 1.338850795345448e-223
-9.130541934255409e-226 4.089033592749571e-224
-9.607557996860045e-226 -4.770160626046356e-224
-1.079075749860809e-225 -1.183199501748041e-223
-1.242396155614868e-225 -1.633204057540589e-223
-1.425547454491761e-225 -1.831512988768935e-223
-1.606920062109158e-225 -1.813726076173973e-223
-1.768653490702567e-225 -1.617334285934089e-223
-1.897144532260481e-225 -1.284910415579137e-223
-1.983154597513344e-225 -8.601006525286291e-224
-2.022053861682946e-225 -3.889926416960195e-224
-2.014099475431393e-225 7.954386251553227e-225
-1.964398332323845e-225 4.970114310754782e-224
-1.882472285463515e-225 8.192604686032944e-224
-1.781445755770728e-225 1.010265296927875e-223
-1.676020458209024e-225 1.054252975617044e-223
-1.580221949563804e-225 9.579850864521964e-224
-1.505177292021658e-225 7.504465754214577e-224
-1.457218978967439e-225 4.795831305421891e-224
-1.436824013251317e-225 2.03949657161224e-224
-1.438639502209278e-225 -1.815488957961307e-225
-1.45267524661862e-225 -1.403574440934212e-224
-1.466386309049733e-225 -1.371106243111297e-224
-1.467087163664054e-225 -7.008546143205693e-226
-1.443972857155587e-225 2.311430650846719e-224
-1.389837704795937e-225 5.413515235964999e-224
-1.302350361380327e-225 8.748734341561003e-224
-1.184289481091428e-225 1.180608802888987e-223
-1.043190076234489e-225 1.410994048569394e-223
-8.898745815528967e-226 1.533154946815918e-223
-7.357752685236235e-226 1.540993130292732e-223
-5.9073510916236e-226 1.450401593612635e-223
-4.617061699438142e-226 1.290289392185458e-223
-3.520632979571872e-226 1.09642871986627e-223
-2.614994798263458e-226 9.056381813084148e-224
-1.865057601192722e-226 7.499371970707355e-224
-1.213543763656697e-226 6.515138375360255e-224
-5.941112811871294e-227 6.194324824695671e-224
5.465246637512143e-228 6.487637475622508e-224
7.774469405218197e-227 7.227944741466982e-224
1.595173820742544e-226 8.177268802207243e-224
2.503041909588374e-226 9.078680888458301e-224
3.474406651657299e-226 9.713647420689251e-224
4.464855767989117e-226 9.90449116331818e-224
5.424234284509663e-226 9.593785165205453e-224
6.313355579020344e-226 8.89121294510681e-224
7.103274493277141e-226 7.899189142567975e-224
7.780051890958719e-226 6.767773976815779e-224
8.34876554172188e-226 5.687136507631609e-224
8.833642962275829e-226 4.848774205539495e-224
9.282493286742808e-226 4.488503244669788e-224
9.745691111259599e-226 4.631978245167907e-224
1.027506327296841e-225 5.293721617088155e-224
1.090857259201838e-225 6.335093190499612e-224
1.167451957054277e-225 7.659469785243992e-224
1.259241193253092e-225 9.178923619881464e-224
1.36142745107468e-225 1.021862578215879e-223
1.461657813905581e-225 1.002303628309009e-223
1.554954706337095e-225 9.329689243151421e-224
1.647860134228293e-225 9.290542789119787e-224
1.752436153445762e-225 1.04576019217469e-223
1.880288260926495e-225 1.278521074807333e-223
2.037963409831474e-225 1.576751489049787e-223
2.227528889319121e-225 1.89565479487647e-223
2.448515404069853e-225 2.20986514750732e-223
2.698504957338612e-225 2.499895532687593e-223
2.973399691513362e-225 2.748947341747497e-223
3.267957558048021e-225 2.94557866534659e-223
3.576932402737469e-225 3.089748446894476e-223
3.895994348029716e-225 3.190619452922474e-223
4.223666738883536e-225 3.276723908538205e-223
4.561613130922359e-225 3.379463920388222e-223
4.915547906425056e-225 3.539347755026978e-223
5.297063036594676e-225 3.815151301696196e-223
5.715721513220823e-225 4.186584766261468e-223
6.183371827655842e-225 4.676503144350195e-223
6.713168536129298e-225 5.297967084734552e-223
7.308685647123891e-225 5.955171109945936e-223
7.973555269762425e-225 6.648696226385341e-223
8.69830792076894e-225 7.247526510065146e-223
9.470154939253373e-225 7.718470184844326e-223
1.026986992256736e-224 7.997149833139904e-223
1.107703738518259e-224 8.071674626152294e-223
1.187214894618552e-224 7.951115610029323e-223
1.263884810296132e-224 7.666991567757987e-223
1.336546731296959e-224 7.26619210008269e-223
1.404616013155033e-224 6.806928185807336e-223
1.467919943376067e-224 6.330393022103419e-223
1.5266894943877e-224 5.876955101163311e-223
1.581214780084606e-224 5.452528569690656e-223
1.628726765290756e-224 4.751198520614977e-223
1.613936667431544e-224 -1.479009785921202e-223
1.495244737864836e-224 -1.186919295667087e-222
1.237979652507207e-224 -2.572650853576282e-222
8.650959905387575e-225 -3.728836619684498e-222
5.049668861262037e-225 -3.601291044125537e-222
2.40086556704742e-225 -2.648803294214618e-222
7.747292775822098e-226 -1.62613628946521e-222
-1.327660283790422e-226 -9.074953059612521e-223
-6.822164044448451e-226 -5.494503760658028e-223
-9.323147970906824e-226 -2.500983926458373e-223
-9.343136438075451e-226 -1.998846716862701e-225
-4.879779108181558e-226 4.463357329893893e-223
-2.12136978018932e-226 2.758409327992238e-223
2.483785274568939e-226 4.605155054758258e-223
7.336684946232518e-226 4.852899671663579e-223
1.165011379651183e-225 4.313428850279313e-223
1.428100324345109e-225 2.630889446939261e-223
1.656554860164049e-225 2.284545358189401e-223
1.287878298945021e-226 -1.35586363061938e-222
-1.207784711510871e-225 -1.212586192174368e-223
-1.374403169741765e-225 -1.666184582308933e-223
-1.318479392698132e-225 5.592377704363286e-224
-1.130003883890579e-225 9.716390030334398e-224
-1.004335530912463e-225 1.256683529781168e-223
-8.970999013538251e-226 1.072356295586376e-223
-8.224392324268215e-226 7.466066892700353e-224
-7.371951659636296e-226 8.524406646319188e-224
-7.257725845589054e-226 1.14225814047242e-224
-7.244368337973851e-226 1.335750761520357e-225
-6.186597562230297e-226 1.057770775743554e-223
-3.910318420503101e-226 2.276279141727195e-223
-1.290056692161237e-226 2.620261728341864e-223
-2.699376187363731e-227 1.020119073424864e-223
-6.105934300122006e-227 -3.406558112758275e-224
-2.177939739755811e-226 -1.56734630974361e-223
-3.548756192818111e-226 -1.370816453062301e-223
-3.63621167901499e-226 -8.745548619687839e-225
-2.553329570328917e-226 1.082882108686072e-223
-1.091091044616156e-226 1.462238525712761e-223
-1.800781468917692e-227 9.110128977243872e-224
1.262082871984402e-227 3.062864340902093e-224
9.445584883612115e-227 8.183502011627713e-224
2.731611067928839e-226 1.787052579567628e-223
4.003148998316903e-226 1.271537930388064e-223
3.639763505486937e-226 -3.633854928299657e-224
0 0
0 0
0 0
0 0
0 0
0 0
0 0
0 0
0 0
0 0
0 0
0 0
0 0
0 0
0 0
0 0
