-1.104710391494675e-225 -1.104710391494675e-222
0.04660344351609164 46.60344351609164
0.08387339676512226 37.26995324903062
0.1061776563958304 22.30425963070817
0.1129996432942019 6.821986898371462
0.1034967144236323 -9.502928870569596
0.07888142942315016 -24.61528500048214
0.04208660459203769 -36.79482483111246
-0.002947154389438587 -45.03375898147628
-0.0517160285657973 -48.76887417635871
-0.0992378624060709 -47.52183384027359
-0.1401638180443543 -40.92595563828337
-0.1695523946485325 -29.38857660417826
-0.1837735744886021 -14.2211798400696
-0.1827509005482151 1.022673940387048
-0.2054487766507515 -22.69787610253643
-0.2704447017175136 -64.9959250667621
-0.3214074736998607 -50.96277198234706
-0.3510610752456307 -29.65360154577001
-0.3517550995251865 -0.6940242795557827
-0.3270870756292849 24.66802389590161
-0.2873546056940567 39.73246993522811
-0.2416016447444688 45.75296094958797
-0.1956008700819696 46.00077466249916
-0.1519648055907701 43.63606449119947
-0.1113668978742141 40.59790771655604
-0.0735623269860622 37.80457088815189
-0.03790441109426169 35.65791589180051
-0.003764880245055184 34.13953084920651
0.02907194556772855 32.83682581278374
0.06103363266399373 31.96168709626518
0.09279478374477548 31.76115108078176
0.1250248878971521 32.23010415237662
0.1580157711605669 32.99088326341479
0.1917076060777308 33.69183491716387
0.2255483091956857 33.84070311795492
0.2582357283428711 32.68741914718537
0.2878921542089998 29.65642586612871
0.3128207409542419 24.92858674524217
0.3308904563676496 18.06971541340768
0.3391563496917359 8.265893324086226
0.3351503611075046 -4.005988584231234
0.3182023074017812 -16.94805370572344
0.2891037812475707 -29.09852615421049
0.248987335083424 -40.11644616414669
0.1988496745370895 -50.13766054633453
0.1410415113164603 -57.80816322062915
0.0782744335150987 -62.76707780136161
0.01322433222216121 -65.0501012929375
-0.05158328438110522 -64.80761660326642
-0.1139084413223194 -62.32515694121413
-0.1718796561424861 -57.97121482016674
-0.2240429759452455 -52.16331980275942
-0.2693132788739494 -45.27030292870388
-0.3069485979980468 -37.6353191240974
-0.3363968277298406 -29.44822973179378
-0.3571866839937761 -20.78985626393548
-0.3690682851913283 -11.88160119755227
-0.3721426312079695 -3.074346016641194
-0.3672078765926394 4.934754615330161
-0.3558706081697565 11.33726842288285
-0.3400347134183888 15.83589475136776
-0.3214493050615805 18.58540835680828
-0.3015910409806791 19.85826408090136
-0.2816885575616987 19.90248341898043
-0.2627938733091777 18.894684252521
-0.2456685046673752 17.12536864180253
-0.2308472505086843 14.82125415869082
-0.2186125464153028 12.23470409338156
-0.2090682204880806 9.544325927222207
-0.2022348714272771 6.833349060803489
-0.1981093377967482 4.125533630528921
-0.1964338483641432 1.675489432604926
-0.1961041864646095 0.3296618995337064
-0.1969450326660594 -0.8408462014499185
-0.1990186898348658 -2.073657168806309
-0.202433907486111 -3.415217651245195
-0.2073333037747088 -4.899396288597868
-0.2138409316396942 -6.507627864985377
-0.2220144971677914 -8.173565528097171
-0.2318524943422594 -9.837997174467983
-0.2432789812087013 -11.4264868664419
-0.2561347766259166 -12.85579541721535
-0.2701896625420641 -14.05488591614745
-0.2851322632778424 -14.94260073577835
-0.3005308850785364 -15.39862180069396
-0.3158730613790292 -15.34217630049284
-0.3306126956323795 -14.73963425335029
-0.3441905601084935 -13.57786447611403
-0.3560603996266639 -11.86983951817039
-0.3658913730150946 -9.830973388430698
-0.3731080260976387 -7.2166530825441
-0.3769067358999292 -3.798709802290523
-0.3769072886501963 -0.0005527502671132112
-0.3730517174629818 3.855571187214579
-0.3652731651647857 7.778552298196073
-0.35373300495662 11.54016020816573
-0.3387402695543736 14.99273540224633
-0.3206920831383995 18.04818641597416
-0.3000387215252918 20.65336161310771
-0.2772576507977797 22.78107072751206
-0.2528349673076009 24.42268349017879
-0.2272360461188274 25.59892118877349
-0.2009215630801825 26.31448303864495
-0.1743370955268465 26.58446755333593
-0.1478895751912145 26.44752033563205
-0.1219425440407234 25.94703115049105
-0.09679665411579098 25.14588992493245
-0.07276616987921232 24.03048423657866
-0.05023816680396332 22.528003075249
-0.02943364002604264 20.80452677792068
-0.01047025452505403 18.96338550098861
0.006568540459401544 17.03879498445557
0.02159217180047346 15.02363134107191
0.03450311765820294 12.91094585772948
0.04519353431222156 10.69041665401862
0.05369605877879115 8.502524466569586
0.06022469153357432 6.528632754783173
0.06484522060910076 4.620529075526444
0.06751418672938975 2.668966120288982
0.06810846664772388 0.5942799183341341
0.06646180447669889 -1.646662171024993
0.06243212910819295 -4.029675368505937
0.0558895891588126 -6.542539949380352
0.04676619988927681 -9.123389269535785
0.03504453338149451 -11.72166650778231
0.02076179910707229 -14.28273427442222
0.003998268545260105 -16.76353056181218
-0.01496749121142997 -18.96575975669007
-0.03592158592607228 -20.95409471464231
-0.05854778879403966 -22.62620286796738
-0.0821828547722131 -23.63506597817343
-0.1061218822827288 -23.93902751051574
-0.1295951937517274 -23.47331146899853
-0.1522722283747265 -22.67703462299908
-0.1739788309889983 -21.70660261427182
-0.1945276719863462 -20.54884099734797
-0.2136382394152563 -19.11056742891007
-0.2310406251680772 -17.40238575282088
-0.2465921262318929 -15.55150106381573
-0.2602498300232106 -13.65770379131764
-0.2720006781609547 -11.75084813774413
-0.281838335072021 -9.837656911066306
-0.289774521737882 -7.936186665861045
-0.2958386110962328 -6.064089358350788
-0.3000743726942578 -4.235761598024967
-0.302537360949714 -2.462988255456211
-0.3032879011690893 -0.7505402193753175
-0.3023948356778741 0.8930654912152614
-0.2999406274255368 2.454208252337275
-0.2960214145559079 3.919212869628874
-0.2907454386247441 5.275975931163856
-0.2842317507012651 6.513687923479005
-0.2766087232717045 7.623027429560558
-0.2680118465141962 8.596876757508253
-0.2585816120038897 9.430234510306557
-0.2484609138124498 10.1206981914399
-0.2377915503595397 10.66936345291009
-0.2267080671336088 11.08348322593089
-0.2153333323472082 11.37473478640064
-0.2037848267186116 11.54850562859655
-0.1921552545177853 11.62957220082633
-0.180544202512959 11.61105200482629
-0.1690773768731984 11.46682563976056
-0.1578153157175856 11.26206115561279
-0.1468897672362773 10.92554848130831
-0.1364167768419003 10.47299039437707
-0.1265151661128852 9.901610729015076
-0.1172757872832523 9.239378829632882
-0.1088036417414193 8.472145541832981
-0.1011693459758539 7.63429576556543
-0.09442897038113029 6.740375594723597
-0.08862346418065271 5.805506200477581
-0.08380967932808378 4.813784852568934
-0.08001723986788455 3.792439460199235
-0.07725366952102346 2.763570346861088
-0.07551429040914664 1.739379111876812
-0.07470548440036864 0.8088060087780014
-0.07470878377156268 -0.003299371194032119
-0.07548626943785924 -0.7774856662965679
-0.07697839668532998 -1.492127247470734
-0.07911682838244037 -2.138431697110393
-0.08185736380857424 -2.740535426133866
-0.08514895933996143 -3.291595531387193
-0.0889320800561481 -3.783120716186666
-0.09314670050148868 -4.214620445340586
-0.09773070030265944 -4.58399980117076
-0.1026215715827087 -4.890871280049253
-0.107758663248583 -5.137091665874352
-0.1130644552732175 -5.305792024634451
-0.1184735547497671 -5.409099476549605
-0.1239342645510592 -5.460709801292138
-0.1293947324473756 -5.460467896316351
-0.1347990279160184 -5.404295468642767
-0.1401401967081172 -5.341168792098866
-0.1453843823025086 -5.24418559439141
-0.1505203521422416 -5.13596983973294
-0.1555264102317069 -5.006058089465304
-0.1604032691424688 -4.876858910761894
-0.1651472107533925 -4.74394161092373
-0.1697505897459406 -4.603378992548146
-0.1742107095447476 -4.460119798806949
-0.1785222759045078 -4.311566359760238
-0.1826823415181671 -4.160065613659309
-0.1866933878324626 -4.011046314295469
-0.1905611805049059 -3.867792672443276
-0.1942922813167286 -3.731100811822735
-0.1978935622079061 -3.601280891177477
-0.2013721134735931 -3.478551265686969
-0.204734079192126 -3.361965718532922
-0.2092603330890282 -4.526253896902172
-0.2345430461774076 -25.28271308837943
-0.2432375897916209 -8.694543614213289
-0.2496025573537167 -6.364967562095813
-0.2529677780812019 -3.365220727485213
-0.2512245646902651 1.74321339093686
-0.2475723833732112 3.652181317053887
-0.2445130206749266 3.059362698284607
-0.2425807208433567 1.932299831569895
-0.241705476718847 0.8752441245096776
-0.241735075757716 -0.02959903886898263
-0.2424931676863251 -0.7580919286091503
-0.2438061627543289 -1.312995068003753
-0.2455209318007206 -1.714769046391729
-0.2471625857771885 -1.641653976467899
-0.2476728417369943 -0.5102559598058332
-0.2486982990619329 -1.025457324938611
-0.2493875939152539 -0.6892948533210042
-0.2487343010232283 0.6532928920256476
-0.2387537664410274 9.980534582200857
-0.2216864058206327 16.87530537982881
-0.2052806970749202 16.40570874571251
-0.1872504095771942 18.03028749772598
-0.1672284518787877 20.02195769840653
-0.1458120008003571 21.41645107843057
-0.1237602721886373 22.05172861171974
-0.1017371801586343 22.02309203000306
-0.0803196319585299 21.41754820010438
-0.05982549118318978 20.49414077534011
-0.04042934148562614 19.39614969756364
-0.02277103630058288 17.65830518504326
-0.007496528440350316 15.27450786023257
0.005291733353507565 12.78826179385788
0.01924636722613134 13.95463387262378
0.04198825500348919 22.74188777735785
0.06724892280768137 25.26066780419218
0.08759575155479074 20.34682874710937
0.1027263040068151 15.13055245202437
0.112393395663813 9.667091656997847
0.1171649297828975 4.771534119084514
0.1176647994350346 0.4998696521371637
0.1150576722173037 -2.607127217730973
0.1093435284286528 -5.714143788650872
0.0999233117114422 -9.420216717210591
0.08790557190912109 -12.01773980232111
0.07392333180321646 -13.98224010590462
0.05862931223549923 -15.29401956771723
0.04283162162369678 -15.79769061180245
0.02741303472127628 -15.4185869024205
0.01316083094349517 -14.25220377778111
0.0006865799636922463 -12.47425097980292
-0.009575405026255191 -10.26198498994744
-0.01732650109141696 -7.751096065161767
-0.02242179983360742 -5.09529874219046
-0.02479673409020849 -2.374934256601076
-0.02472161786673746 0.07511622347103342
-0.01957925039113748 5.142367475599984
-0.006616895395876309 12.96235499526117
0.006710523498098833 13.32741889397514
-1.490000565971589e-28 -6.710523498098834
1.256336583338793e-72 1.490000565971589e-25
1.90851687197405e-108 -1.256336583338793e-69
1.281896940842899e-135 -1.90851687197405e-105
3.061264811742314e-156 -1.281896940842899e-132
6.733151365070698e-172 -3.061264811742313e-153
8.555532960111512e-184 -6.733151365062143e-169
7.702151040274936e-193 -8.555532952409361e-181
1.001444944239859e-199 -7.702150038829992e-190
5.635768476609761e-205 -1.001439308471382e-196
5.513331822405619e-209 -5.635217143427521e-202
4.707504314273749e-212 -5.508624318091345e-206
2.089752168442806e-214 -4.686606792589321e-209
3.27516041200127e-216 -2.057000564322793e-211
1.358062557056055e-217 -3.139354156295665e-213
1.196830496355887e-218 -1.238379507420466e-214
1.882969064452298e-219 -1.008533589910657e-215
4.578263649346758e-220 -1.425142699517622e-216
1.52877013800656e-220 -3.049493511340198e-217
6.393230948074347e-221 -8.894470431991253e-218
3.130595541584521e-221 -3.262635406489826e-218
1.711469236775544e-221 -1.419126304808977e-218
1.01063640886029e-221 -7.008328279152535e-219
6.307179097551051e-222 -3.799184991051853e-219
4.099809267209906e-222 -2.207369830341145e-219
2.747011459024703e-222 -1.352797808185203e-219
1.882546034138712e-222 -8.644654248859914e-220
1.312287101934967e-222 -5.702589322037451e-220
9.265346277774621e-223 -3.857524741575046e-220
6.598915411641515e-223 -2.666430866133107e-220
4.719734716513442e-223 -1.879180695128073e-220
3.373144918550572e-223 -1.34658979796287e-220
2.395748555467518e-223 -9.773963630830542e-221
1.679653696111902e-223 -7.160948593556154e-221
1.15606871648288e-223 -5.235849796290222e-221
7.789769979911198e-224 -3.770917184917604e-221
5.122871258836861e-224 -2.666898721074337e-221
3.262730900920776e-224 -1.860140357916084e-221
2.005043694464819e-224 -1.257687206455958e-221
1.202843870919552e-224 -8.021998235452669e-222
7.390100994191065e-225 -4.638337715004451e-222
5.211359334027383e-225 -2.178741660163682e-222
4.736112661481508e-225 -4.752466725458755e-223
5.331259131904839e-225 5.951464704233318e-223
6.506565905443534e-225 1.175306773538695e-222
7.883826470271902e-225 1.377260564828368e-222
9.16996380014777e-225 1.286137329875868e-222
1.014406920926127e-224 9.74105409113501e-223
1.066503987695668e-224 5.209706676954135e-223
1.06653099599871e-224 2.700830304181271e-226
1.012733800414738e-224 -5.379719558397259e-223
9.086699070515759e-225 -1.040638933631618e-222
7.615099309961655e-225 -1.471599760554104e-222
5.84347334748998e-225 -1.771625962471675e-222
3.967618116003786e-225 -1.875855231486194e-222
2.206606412760137e-225 -1.761011703243649e-222
7.444435058332191e-226 -1.462162906926917e-222
-3.153099738211821e-226 -1.059753479654401e-222
-9.482028656291255e-226 -6.328928918079435e-223
-1.172848666794001e-225 -2.246458011648751e-223
-1.024907970255763e-225 1.479406965382381e-223
-6.003695349806445e-226 4.24538435275118e-223
-1.470592398447296e-227 5.856636109961716e-223
6.1505565671622e-226 6.297615807006929e-223
1.162156799184133e-225 5.471011424679128e-223
1.528273041645935e-225 3.661162424618026e-223
1.659501730468625e-225 1.312286888226897e-223
1.535120369216533e-225 -1.243813612520916e-223
1.174440543997281e-225 -3.606798252192522e-223
6.29465920337082e-226 -5.449746236601992e-223
-2.660356111540994e-227 -6.560694814524919e-223
-7.076830168747343e-226 -6.810794557593243e-223
-1.325608351932739e-225 -6.179253350580045e-223
-1.805131045133205e-225 -4.79522693200466e-223
-2.095156272516362e-225 -2.900252273831566e-223
-2.180745965783228e-225 -8.558969326686657e-224
-2.08807649731159e-225 9.266946847163788e-224
-1.878162531016427e-225 2.09913966295163e-223
-1.629666914092085e-225 2.484956169243426e-223
-1.410391974355077e-225 2.192749397370077e-223
-1.255184736254729e-225 1.552072381003476e-223
-1.159320127312685e-225 9.586460894204421e-224
-1.088860753199763e-225 7.045937411292214e-224
-9.994488432172477e-226 8.941190998251524e-224
-8.521559847846598e-226 1.472928584325879e-223
-6.214841953270101e-226 2.306717894576497e-223
-2.968637100289228e-226 3.246204852980873e-223
1.181903332085287e-226 4.150540432374516e-223
6.092946853225774e-226 4.911043521140486e-223
1.148308192932446e-225 5.390135076098686e-223
1.697191987116889e-225 5.488837941844434e-223
2.210049828364383e-225 5.128578412474936e-223
2.643236762355812e-225 4.331869339914291e-223
2.974858877553174e-225 3.316221151973621e-223
3.216018602529186e-225 2.411597249760119e-223
3.394856354503493e-225 1.788377519743066e-223
3.543876818519299e-225 1.490204640158061e-223
3.690472547682134e-225 1.465957291628353e-223
3.851291009063469e-225 1.608184613813354e-223
4.027771263954142e-225 1.764802548906725e-223
4.204510256816392e-225 1.767389928622499e-223
4.353361726775942e-225 1.488514699595504e-223
4.440995636194605e-225 8.76339094186626e-224
4.436601253127471e-225 -4.394383067133947e-225
4.318770720678156e-225 -1.178305324493152e-223
4.080780742590094e-225 -2.379899780880617e-223
3.732268474985813e-225 -3.48512267604281e-223
3.298350279640967e-225 -4.339181953448464e-223
2.815152621697157e-225 -4.8319765794381e-223
2.321326196304167e-225 -4.938264253929894e-223
1.850518858669246e-225 -4.70807337634921e-223
1.426663457734491e-225 -4.238554009347548e-223
1.061643613216476e-225 -3.650198445180152e-223
7.552694318427574e-226 -3.063741813737186e-223
4.977496547826117e-226 -2.575197770601457e-223
2.734183616957328e-226 -2.243312930868789e-223
6.531728364226502e-227 -2.081010780534677e-223
-1.403045700013183e-226 -2.056218536435833e-223
-3.508786475098422e-226 -2.105740775085239e-223
-5.662532926386458e-226 -2.153746451288036e-223
-7.791389385305436e-226 -2.128856458918977e-223
-9.778968341718105e-226 -1.98757895641267e-223
-1.148925692785437e-225 -1.710288586136267e-223
-1.281189830555245e-225 -1.322641377698081e-223
-1.369657655247176e-225 -8.846782469193044e-224
-1.414007908482741e-225 -4.435025323556532e-224
-1.418330751533473e-225 -4.322843050732097e-225
-1.390093116311864e-225 2.82376352216094e-224
-1.339121426411371e-225 5.097168990049305e-224
-1.275350818218289e-225 6.377060819308169e-224
-1.207442472758795e-225 6.790834545949398e-224
-1.141265043362935e-225 6.61774293958597e-224
-1.081710998527675e-225 5.95540448352602e-224
-1.034007118043892e-225 4.770388048378275e-224
-1.004931706917617e-225 2.907541112627587e-224
-1.002109111659025e-225 2.822595258591295e-225
-1.03179393772452e-225 -2.968482606549518e-224
-1.100369792313663e-225 -6.857585458914259e-224
-1.21852859251334e-225 -1.181588001996767e-223
-1.396390652175716e-225 -1.778620596623758e-223
-1.637516828482925e-225 -2.41126176307209e-223
-1.943495539257172e-225 -3.059787107742471e-223
-2.325321073599099e-225 -3.818255343419276e-223
-2.791023039903899e-225 -4.657019663047997e-223
-3.344046213855539e-225 -5.530231739516397e-223
-3.985855193928872e-225 -6.418089800733337e-223
-4.712010172324639e-225 -7.261549783957669e-223
-5.512860872657578e-225 -8.00850700332939e-223
-6.374856267020896e-225 -8.619953943633183e-223
-7.282834544915751e-225 -9.079782778948549e-223
-8.224937549824029e-225 -9.421030049082771e-223
-9.197272324224108e-225 -9.72334774400079e-223
-1.020360347174974e-224 -1.006331147525636e-222
-1.125620880140335e-224 -1.052605329653604e-222
-1.23763129643099e-224 -1.120104162906554e-222
-1.357613935191267e-224 -1.199826387602764e-222
-1.486276622386617e-224 -1.286626871953509e-222
-1.623941221992027e-224 -1.376645996054091e-222
-1.768619115084905e-224 -1.446778930928788e-222
-1.91769562408634e-224 -1.490765090014343e-222
-2.067302152155052e-224 -1.496065280687119e-222
-2.213277512798765e-224 -1.45975360643713e-222
-2.351570241609946e-224 -1.382927288111817e-222
-2.478918309439507e-224 -1.273480678295603e-222
-2.593301508037498e-224 -1.143831985979917e-222
-2.694043136508647e-224 -1.007416284711483e-222
-2.781634013474961e-224 -8.759087696631476e-223
-2.857376883238887e-224 -7.574286976392586e-223
-2.922782755607656e-224 -6.540587236876927e-223
-2.980437610903022e-224 -5.765485529536516e-223
-3.094466865415952e-224 -1.140292545129307e-222
-3.339307209922297e-224 -2.448403445063445e-222
-3.552901525527388e-224 -2.135943156050908e-222
-3.597788804901109e-224 -4.488727937372192e-223
-3.246331478282336e-224 3.514573266187735e-222
-2.44653796731446e-224 7.99793510967876e-222
-1.391550988785402e-224 1.054986978529058e-221
-3.278710332510535e-225 1.063679955534348e-221
5.05574486754961e-225 8.334455200060144e-222
9.67070528416901e-225 4.6149604166194e-222
1.014466661001211e-224 4.739613258430966e-223
6.356006526665773e-225 -3.788660083346333e-222
-2.860736153225437e-225 -9.21674267989121e-222
-9.992051883456622e-225 -7.131315730231185e-222
-1.592297005798151e-224 -5.930918174524893e-222
-1.958330540734467e-224 -3.660335349363152e-222
-2.031703911709679e-224 -7.337337097521275e-223
-1.805993603075756e-224 2.257103086339239e-222
-1.154867526983968e-224 6.42570368421092e-222
-5.414610677753533e-225 1.798199551065167e-222
-2.463642301709558e-225 2.950968376043976e-222
-4.258703133795642e-225 -1.795060832086085e-222
-5.604549341001406e-225 4.013561421922419e-223
-5.091823151283159e-225 5.127261897182462e-223
-4.665556169255158e-225 4.262669820280016e-223
-4.376557637845007e-225 2.889985314101509e-223
-4.046689900731058e-225 3.298677371139488e-223
-3.962908133137403e-225 8.378176759365542e-224
-3.897258597024278e-225 6.564953611312489e-224
-3.362352714292811e-225 5.349058827314669e-223
-2.220996377395792e-225 1.141356336897019e-222
-8.017199816284135e-226 1.419276395767378e-222
-1.843815030489195e-226 6.17338478579494e-223
-4.805463811987042e-226 -2.961648781497847e-223
-2.00240161589228e-225 -1.521855234693576e-222
-3.984689731780799e-225 -1.982288115888519e-222
-5.246835511870084e-225 -1.262145780089285e-222
-5.057197597966216e-225 1.896379139038676e-223
-3.455344762916202e-225 1.601852835050014e-222
-1.633404403242416e-225 1.821940359673787e-222
-1.515380320655658e-225 1.180240825867571e-223
-3.506793935724431e-225 -1.991413615068772e-222
-6.129751599719013e-225 -2.622957663994582e-222
-6.630648603358707e-225 -5.008970036396939e-223
-5.117174910787219e-225 1.513473692571487e-222
0 0
0 0
0 0
0 0
0 0
0 0
0 0
0 0
0 0
0 0
0 0
0 0
0 0
0 0
0 0
0 0
