0.0223267617960281 22.3267617960281
0.01853295313044996 -3.79380866557814
0.01843403368432269 -0.09891944612726994
0.01837761436920035 -0.05641931512234341
0.0183298046013607 -0.04780976783965232
0.01830215644382472 -0.02764815753597896
0.01832800604421048 0.02584960038576334
0.01854218645821108 0.2141804140005955
0.01903647216986945 0.4942857116583717
0.01989751534852621 0.8610431786567653
0.02125107303648086 1.353557687954646
0.02328260007868495 2.031527042204093
0.02629390609489267 3.011306016207714
0.03040966079299378 4.115754698101115
0.03554416882051015 5.134508027516367
0.04075016889855491 5.206000078044767
0.04565807455302676 4.907905654471842
0.05037861995752604 4.720545404499288
0.05529097521516241 4.912355257636364
0.06078713718412163 5.496161968959225
0.06718211810395816 6.394980919836528
0.07461825457447556 7.436136470517399
0.08302371305862634 8.405458484150779
0.0921482612220999 9.124548163473564
0.1016243356522565 9.47607443015662
0.1110444183078743 9.420082655617737
0.1200281648153241 8.983746507449847
0.1282686380313242 8.24047321600005
0.1355469497001363 7.278311668812099
0.1417209280243363 6.173978324199997
0.146710212430538 4.989284406201749
0.1504820869396215 3.771874509083533
0.1530365051304441 2.55441819082261
0.1543991127139307 1.362607583486553
0.154630756549178 0.2316438352472916
0.1538304656295093 -0.8002909196686558
0.152084184586841 -1.746281042668357
0.1494857518709622 -2.598432715878757
0.146147238707331 -3.338513163631207
0.1422167297735838 -3.930508933747162
0.1378981178169643 -4.318611956619589
0.1334225394423263 -4.47557837463794
0.1289203471022051 -4.502192340121197
0.1244609329294779 -4.459414172727231
0.1201003675980862 -4.360565331391674
0.115904915087152 -4.195452510934172
0.1119380170723647 -3.96689801478739
0.1082342737831783 -3.703743289186392
0.1048112767296765 -3.422997053501728
0.1016855515715736 -3.125725158102902
0.09890532322027619 -2.780228351297445
0.09648458035027344 -2.420742870002754
0.09444599472370876 -2.038585626564671
0.09286995328691733 -1.576041436791437
0.09179451772256864 -1.075435564348692
0.09117882477887779 -0.6156929436908487
0.09096710157232483 -0.2117232065529523
0.09109497594688587 0.127874374561035
0.09149246379060895 0.3974878437230794
0.09208693897276139 0.594475182152443
0.09280544057385635 0.7185016010949619
0.09357738941258069 0.7719488387243345
0.09433790694049644 0.760517527915755
0.09502963656375882 0.6917296232623743
0.09560276939485315 0.5731328310943362
0.09601005690001761 0.4072875051644581
0.09620344344507101 0.193386545053395
0.09614115860977396 -0.06228483529704953
0.09579455697549903 -0.3466016342749262
0.09515038594274829 -0.6441710327507455
0.09420990103459237 -0.9404849081559169
0.09298653860894161 -1.223362425650756
0.09150339185709934 -1.483146751842274
0.08979193623728754 -1.7114556198118
0.08788958289363333 -1.902353343654212
0.0858366105149761 -2.05297237865723
0.08367583694192779 -2.160773573048308
0.08145026388484887 -2.22557305707892
0.07920106487347352 -2.249199011375352
0.07696551547856939 -2.235549394904127
0.07477596619041584 -2.189549288153556
0.07265914783731278 -2.116818353103053
0.070635770050666 -2.023377786646782
0.0687208342052865 -1.914935845379495
0.06692364349509644 -1.797190710190063
0.06524720544035488 -1.676438054741561
0.06368862833952618 -1.558577100828698
0.06224092239702331 -1.447705942502875
0.06089427630567577 -1.346646091347541
0.05963605135290541 -1.258224952770358
0.05845175885760008 -1.184292495305328
0.05732445798074938 -1.127300876850701
0.05623535750149519 -1.089100479254195
0.05516745531357763 -1.067902187917552
0.05410532700665097 -1.06212830692666
0.05303422012385348 -1.07110688279749
0.05193971362220096 -1.09450650165252
0.05080799840578293 -1.131715216418035
0.04962651248494681 -1.181485920836119
0.04838458349326713 -1.241928991679679
0.04707389408196405 -1.310689411303079
0.04568866873466564 -1.385225347298409
0.04422573069196933 -1.462938042696316
0.04268453846112447 -1.541192230844861
0.04106731684076618 -1.617221620358288
0.03937861467529803 -1.688702165468146
0.03762513564823394 -1.753479027064089
0.03581513951778666 -1.809996130447286
0.03395817767517659 -1.856961842610069
0.03206474065156641 -1.893437023610181
0.03014587151655855 -1.918869135007856
0.02821292726830129 -1.932944248257261
0.0262775600240736 -1.935367244227694
0.024351449947287 -1.926110076786593
0.02244587195400405 -1.905577993282954
0.02057130177885018 -1.874570175153869
0.01873733994249272 -1.833961836357457
0.01695250872397062 -1.784831218522104
0.01522476159686899 -1.727747127101631
0.01356704815966191 -1.657713437207078
0.01200491947460712 -1.562128685054787
0.01057005033169879 -1.434869142908333
0.009280978337497491 -1.289071994201299
0.008141561796166622 -1.139416541330868
0.007145759779672434 -0.9958020164941884
0.006281411070887977 -0.8643487087844574
0.005533672816543505 -0.7477382543444721
0.004888806814375539 -0.6448660021679654
0.004340699740641524 -0.5481070737340153
0.003883991265092167 -0.4567084755493565
0.003510298512054035 -0.3736927530381324
0.003209131147886745 -0.3011673641672902
0.002968984701894607 -0.2401464459921379
0.002778491217098762 -0.1904934847958449
0.002627360978815623 -0.1511302382831386
0.00250689393055835 -0.1204670482572736
0.002410166945864867 -0.09672698469348268
0.002331827744643091 -0.0783392012217764
0.00226781717963404 -0.06401056500905103
0.002215071361712992 -0.05274581792104717
0.002171258026224592 -0.0438133354884007
0.002134554521337784 -0.03670350488680762
0.00210357747422966 -0.03097704710812357
0.002077252290163496 -0.02632518406616444
0.002054729005118225 -0.02252328504527123
0.002035322451293769 -0.0194065538244555
0.002018475044235339 -0.01684740705842989
0.002003726036310285 -0.01474900792505481
0.00199068562300652 -0.01304041330376466
0.001979027553256119 -0.0116580697504011
0.001968487547509362 -0.01054000574675666
0.001958854731242747 -0.009632816266614934
0.001949959876675547 -0.008894854567200166
0.001941664889283227 -0.008294987392319869
0.001933855289654461 -0.007809599628766676
0.00192643462452372 -0.007420665130740585
0.001919321395299502 -0.007113229224218164
0.001912447110690785 -0.006874284608716398
0.001905751049401461 -0.006696061289324139
0.001899177660536563 -0.006573388864898567
0.001892676751319838 -0.006500909216724257
0.001886204932103547 -0.006471819216291889
0.00187972135933319 -0.006483572770356804
0.001873187017653946 -0.006534341679243806
0.001866593288343567 -0.006593729310378849
0.001859928513242062 -0.006664775101504873
0.001853177407307394 -0.006751105934668525
0.001846317373971285 -0.006860033336108205
0.001839316714488678 -0.007000659482607474
0.001832163628701673 -0.007153085787005298
0.00182484993343342 -0.007313695268253021
0.001817342556072814 -0.007507377360605567
0.001809621696362899 -0.007720859709914926
0.001801666521617039 -0.007955174745860171
0.001793482146663896 -0.008184374953143243
0.001785067314568983 -0.008414832094912712
0.001776424737343492 -0.008642577225491258
0.00176755680778802 -0.008867929555471952
0.001758455328390295 -0.0091014793977245
0.001749102466347881 -0.009352862042414463
0.001739477549584806 -0.009624916763075354
0.001729562382713908 -0.009915166870897623
0.001719338724412403 -0.01022365830150441
0.001708790845601305 -0.01054787881109884
0.001697915325442822 -0.01087552015848251
0.001688514078729225 -0.009401246713597062
0.0016892841733588 0.0007700946295752069
0.001703455768026073 0.01417159466727256
0.001729650759338199 0.02619499131212613
0.001765575063588843 0.03592430425064388
0.001809108181171049 0.04353311758220602
0.001858508029323395 0.04939984815234642
0.001912325560450349 0.05381753112695411
0.001969324708537559 0.05699914808720966
0.002028434759458162 0.05911005092060261
0.002088723192190953 0.0602884327327918
0.002149354457680743 0.06063126548978966
0.002209598523097848 0.06024406541710455
0.00226881408149534 0.05921555839749279
0.002326420199371152 0.05760611787581195
0.002381901110506124 0.0554809111349714
0.002434789000414691 0.05288788990856713
0.002484671635263975 0.04988263484928448
0.002531193312271047 0.04652167700707138
0.002574045363779669 0.04285205150862236
0.00261296435494102 0.03891899116135111
0.002647733358161492 0.0347690032204721
0.002678184922999231 0.03045156483773813
0.002704201918873926 0.02601699587469588
0.002725720066279851 0.02151814740592502
0.002743249844019024 0.01752977773917305
0.002761316561459426 0.01806671744040197
0.002780710032219376 0.01939347075994961
0.002799518390339374 0.01880835811999756
0.002815332595361582 0.01581420502220826
0.002823208267028167 0.007875671666584833
0.002822653823071069 -0.0005544439570974793
0.002816539447288953 -0.006114375782116134
0.002807605595076042 -0.008933852212911382
0.002797112538761215 -0.01049305631482681
0.002785632966215684 -0.01147957254553139
0.002773549008013508 -0.01208395820217513
0.002761212766740642 -0.01233624127286665
0.002748989398374953 -0.01222336836568865
0.002737225715694284 -0.01176368268066951
0.002726209802162365 -0.01101591353191815
0.002716131445218845 -0.01007835694352005
0.002707117587424033 -0.009013857794812601
0.002699280917914995 -0.007836669509037834
0.002695582837353907 -0.003698080561087645
0.002696572914705669 0.0009900773517619067
0.002701271348480358 0.00469843377468894
0.002709823601246878 0.008552252766519733
0.002722329886461188 0.01250628521430987
0.002738611404644335 0.01628151818314693
0.002775729406922838 0.03711800227850295
0.002887262299662105 0.1115328927392676
0.003120937869791895 0.2336755701297893
0.00350439170207627 0.3834538322843757
0.004053414834261982 0.5490231321857121
0.004780924361296726 0.7275095270347434
0.005694581217991674 0.9136568566949481
0.006792115722697217 1.097534504705543
0.008075118262933636 1.283002540236419
0.009556685715877339 1.481567452943703
0.01123334944352236 1.676663727645022
0.01308524362094188 1.85189417741952
0.01508213054997778 1.9968869290359
0.01719171194331028 2.109581393332501
0.01937903697062361 2.187325027313329
0.02160803132396903 2.22899435334542
0.02383986615275594 2.231834828786905
0.02603389103004102 2.194024877285081
0.0281483995304886 2.11450850044758
0.03014196428303438 1.993564752545779
0.03197741906349295 1.835454780458576
0.03362630594145882 1.648886877965869
0.03507499232245107 1.448686380992249
0.03635214531172113 1.277152989270058
0.0374769346439865 1.124789332265369
0.03844223878049486 0.9653041365083603
0.03922206196791252 0.7798231874176567
0.03978214189588847 0.560079927975958
0.0400768590751015 0.2947171792130263
0.04004644321141462 -0.03041586368688481
0.03963427241129083 -0.41217080012379
0.03880956047130328 -0.8247119399875449
0.0375936441872784 -1.215916284024877
0.03606929990424929 -1.524344283029111
0.03434314770108786 -1.726152203161434
0.03249961629855588 -1.843531402531982
0.03056850564642057 -1.931110652135307
0.02857924455004777 -1.989261096372798
0.02658162869186492 -1.997615858182852
0.02463256690899258 -1.949061782872342
0.02277520951183786 -1.857357397154716
0.02103464912421407 -1.740560387623789
0.01942580178325592 -1.608847340958151
0.01795700290027664 -1.468798882979277
0.01663002433136764 -1.326978568909003
0.01544157490221426 -1.188449429153382
0.01438497417667458 -1.05660072553968
0.01345126537145668 -0.9337088052179029
0.01263021012457345 -0.821055246883225
0.01191085633917123 -0.7193537854022231
0.01128244738149028 -0.6284089576809506
0.01073555972739349 -0.54688765409679
0.01026254433983798 -0.4730153875555035
0.009856164670043195 -0.4063796697947892
0.009508833382185999 -0.3473312878571957
0.009213018290369995 -0.2958150918160041
0.008963719198232687 -0.2492990921373079
0.008764164539769238 -0.1995546584634498
0.008621461487823731 -0.1427030519455061
0.009115299815172421 0.4938383273486897
0.009098867980942787 -0.01643183422963407
0.009156753184479156 0.05788520353636889
0.009241464538512689 0.08471135403353286
0.00939958647120603 0.1581219326933416
0.009613224284878336 0.2136378136723058
0.009807318704867658 0.1940944199893216
0.01005948702880965 0.2521683239419901
0.01032528150847558 0.2657944796659317
0.01060098591990754 0.275704411431963
0.01088396624939789 0.2829803294903486
0.01117331613521596 0.2893498858180643
0.01146314650574366 0.2898303705277019
0.0117587559976575 0.2956094919138383
0.01205302229510699 0.2942662974494917
0.01235090797662844 0.2978856815214568
0.01265228480640501 0.3013768297765607
0.01295396855825121 0.3016837518462073
0.01325968236289553 0.3057138046443173
0.01356383849398506 0.3041561310895297
0.01386734907979371 0.3035105858086463
0.01417295096340893 0.30560188361522
0.01447443337266493 0.3014824092560063
0.01477305582653613 0.298622453871196
0.0150901846671858 0.3171288406496764
0.01540983693354318 0.319652266357372
0.01573284576447642 0.3230088309332454
0.01607136611638196 0.3385203519055344
0.01638129179786089 0.3099256814789348
0.01670611103686315 0.324819239002256
0.01701892471903291 0.3128136821697672
0.01733420717824436 0.3152824592114502
0.01763261266514246 0.2984054868980963
0.01792565851403904 0.2930458488965802
0.01820974257013606 0.2840840560970233
0.01852380696572088 0.3140643955848142
0.01886114995236686 0.3373429866459846
0.01918821822804077 0.3270682756739036
0.01949081526987454 0.3025970418337707
0.01977755835866193 0.2867430887873931
0.02005382663822467 0.2762682795627441
0.02032204174777713 0.2682151095524561
0.02058265182869132 0.2606100809141899
0.02083558537973327 0.2529335510419485
0.0210806816841923 0.2450963044590346
0.02131772066502908 0.2370389808367714
0.02154648191091611 0.2287612458870374
0.02176676498794943 0.2202830770333154
0.02197835613128015 0.2115911433307228
0.02218102088828259 0.2026647570024381
0.02237450097601705 0.1934800877344649
0.02255856781197444 0.1840668359573833
0.02273305389390685 0.1744860819324137
0.02289784620320399 0.1647923092971439
0.023052815568412 0.1549693652080075
0.02319780882607694 0.1449932576649375
0.02333274597457061 0.1349371484936669
0.02345742998794208 0.1246840133714705
0.02357169762442666 0.1142676364845781
0.02367524515788672 0.1035475334600633
0.02376776325316796 0.09251809528123753
0.02384893745757623 0.08117420440827139
0.02391840270258125 0.06946524500502441
0.02397575125907189 0.05734855649063356
0.02402055487338227 0.04480361431038332
0.02405235122498569 0.03179635160342059
0.02407059948804288 0.0182482630571891
0.02407472802791233 0.004128539869446834
0.02406420753228347 -0.01052049562885043
0.02403861244882514 -0.02559508345833378
0.02399763175270812 -0.04098069611702462
0.02394105949378934 -0.05657225891878004
0.02386878173021047 -0.0722777635788624
0.02378078762592665 -0.08799410428382559
0.02367719116220489 -0.1035964637217598
0.02355824187204665 -0.1189492901582413
0.02342432991948416 -0.1339119525624877
0.02327602251135292 -0.1483074081312409
0.02311412744373005 -0.1618950676228678
0.0229396770905151 -0.1744503532149534
0.02275387793866434 -0.1857991518507615
0.02255803152746257 -0.1958464112017631
0.02235338459805044 -0.2046469294121368
0.02214114882912363 -0.2122357689268058
0.0219226165576734 -0.2185322714502273
0.02169923187178086 -0.2233846858925477
0.02147257971619836 -0.2266521555824921
0.02124434865669934 -0.2282310594990261
0.02101634082033897 -0.2280078363603652
0.02079046168885296 -0.2258791314860148
0.020568694967632 -0.2217667212209527
0.0203530714299337 -0.2156235376983007
0.0201456380159674 -0.2074334139662987
0.01994843591130742 -0.197202104659986
0.01976349794201062 -0.1849379692967987
0.01959285791235257 -0.1706400296580465
0.01943853713830914 -0.154320774043433
0.01930255381098334 -0.1359833273258011
0.01918694430516441 -0.1156095058189345
0.01909390113185534 -0.093043173309066
0.01902567132720018 -0.06822980465515452
0.01898444014780868 -0.04123117939150434
0.01897216179740415 -0.01227835040452929
0.01899062229732706 0.01846049992291002
0.01904129328741017 0.05067099008311191
0.01912570492480239 0.08441163739222185
0.01924454216216133 0.1188372373589382
0.01939802291638416 0.153480754222831
0.01958601481091162 0.187991894527454
0.01980775069673001 0.2217358858183881
0.02006184292801091 0.2540922312809085
0.02034586775142211 0.2840248234111942
0.02065628023033198 0.3104124789098731
0.02098786574074857 0.3315855104165863
0.02133430417593542 0.3464384351868528
0.02168855713566803 0.3542529597326087
0.02204351118089077 0.3549540452227363
0.02239282654801479 0.3493153671240215
0.0227317872390477 0.3389606910329142
0.02305778449304863 0.3259972540009294
0.02337023654837955 0.3124520553309216
0.02366999941645864 0.2997628680790898
0.02395858219653216 0.2885827800735222
0.02423749800737089 0.2789158108387271
0.02450786960206753 0.2703715946966341
0.02477049836923444 0.2626287671669107
0.02502587147356073 0.2553731043262938
0.02527417138142839 0.2482999078676565
0.02551541193878058 0.2412405573521959
0.02574966870612556 0.2342567673449744
0.02597692919387431 0.2272604877487511
0.02619726588045639 0.2203366865820774
0.02641070847773635 0.2134425972799593
0.02661730815560342 0.2065996778670733
0.02681710533370724 0.1997971781038214
0.02701017883186418 0.1930734981569447
0.02719668249386301 0.1865036619988283
0.0273768614259487 0.1801789320856825
0.02755107450249223 0.1742130765435314
0.02771978693216972 0.1687124296774929
0.02788348553686517 0.1636986046954503
0.02804259844572921 0.1591129088640356
0.02819741223415882 0.15481378842961
0.02834800686839959 0.1505946342407749
0.02849421996182494 0.1462130934253465
0.02861542427609538 0.1212043142704462
0.02857656303262608 -0.03886124346930142
0.02823155164735687 -0.3450113852692116
0.02745904904103237 -0.7725026063244954
0.02633583862378702 -1.123210417245352
0.02519731215946076 -1.138526464326266
0.02414037683409485 -1.056935325365906
0.02312661000990931 -1.013766824185538
0.02213644368276909 -0.9901663271402218
0.02125020862264015 -0.8862350601289392
0.0205158586139313 -0.7343500087088547
0.01936962177517288 -1.146236838758419
0.01909615553751299 -0.2734662376598918
0.01863571356799974 -0.4604419695132498
0.01821940267086792 -0.4163108971318129
0.01783610063802812 -0.3833020328398058
0.01748038495747215 -0.3557156805559653
0.01691763375618666 -0.5627512012854885
0.01748654336915334 0.2319421457050025
0.01751266476490561 0.02612139575226824
0.01727456940654199 -0.374683405662924
0.01684311224828908 -0.431457158252907
0 0
0 0
0 0
0 0
0 0
0 0
0 0
0 0
0 0
0 0
0 0
0 0
0 0
0 0
0 0
0 0
0 0
0 0
0 0
0 0
0 0
0 0
0 0
0 0
0 0
0 0
0 0
0 0
0 0
0 0
0 0
0 0
0 0
0 0
0 0
0 0
0 0
0 0
0 0
