0.04756164826465925 47.56164826465925
0.04314217130094484 -4.419476963714413
0.03111625219922952 -12.02591910171532
0.02124128737823161 -9.874964820997912
0.01402859555459261 -7.212691823638992
0.00915166109290054 -4.876934461692074
0.005939578534330375 -3.212082558570164
0.003765676607090722 -2.173901927239653
0.002208227756748801 -1.557448850341921
0.001055176180959825 -1.153051575788976
0.0002957194438254948 -0.7594567371343302
3.404891547606252e-05 -0.2616705283494322
0 -0.03404891547606252
0 0
0 0
0 0
2.823928823578963e-05 0.02823928823578963
0.001991261321157612 1.963022032921822
0.009396313297287361 7.405051976129749
0.02019080321547665 10.79448991818929
0.03202412528941698 11.83332207394032
0.04292344362398932 10.89931833457234
0.05167608157262807 8.752637948638752
0.05740449967245045 5.728418099822385
0.05914941495823262 1.744915285782168
0.05806178455535191 -1.087630402880714
0.05665070393371861 -1.411080621633295
0.05542611298825875 -1.224590945459861
0.05446691394269583 -0.9591990455629223
0.05394422358674939 -0.5226903559464382
0.05410771291254755 0.1634893257981621
0.05512149444850213 1.013781535954578
0.05698408915683452 1.862594708332388
0.05955224481479889 2.568155657964373
0.06261464176037139 3.062396945572497
0.06595585734113139 3.341215580760004
0.06939897341935201 3.44311607822062
0.07282545619533284 3.42648277598083
0.07616373927051849 3.338283075185647
0.07935242578689083 3.188686516372344
0.08233032453739483 2.977898750503999
0.08508882076358489 2.758496226190052
0.0876314706661242 2.542649902539315
0.08995539779313835 2.323927127014152
0.09208500577007955 2.1296079769412
0.09404722698069176 1.962221210612208
0.09585369154978107 1.806464569089311
0.09751207491193789 1.658383362156818
0.09900693603324209 1.494861121304203
0.1003131974568088 1.306261423566726
0.1014228940061182 1.109696549309369
0.1023522102361601 0.9293162300418739
0.1031451217714339 0.7929115352738186
0.103860600733062 0.715478961628116
0.1045565530529526 0.6959523198906137
0.1052864438341118 0.7298907811592037
0.1061005854700396 0.8141416359277592
0.1070461056728107 0.9455202027710968
0.1081678058190282 1.121700146217569
0.1095114155450185 1.343609725990305
0.1111097479859047 1.598332440886113
0.1129778078470321 1.868059861127411
0.1151175817490616 2.139773902029504
0.1175214989783685 2.403917229306967
0.1201747053292313 2.653206350862789
0.1230600893058512 2.885383976619832
0.1261620586917796 3.101969385928466
0.1294725842516298 3.310525559850175
0.1329980144849244 3.525430233294602
0.1367451330932322 3.747118608307814
0.1407135542472329 3.968421154000645
0.1448908650390374 4.177310791804528
0.1492529523406622 4.36208730162485
0.1537663590484613 4.513406707799011
0.1583901299049943 4.623770856533066
0.1630785434631423 4.688413558148002
0.1677824633068437 4.703919843701387
0.1724542843154667 4.67182100862304
0.1770525426792815 4.598258363814778
0.1815458805212235 4.493337841942002
0.1859141891771299 4.368308655906372
0.190148949484387 4.234760307257057
0.1942519195338709 4.102970049483901
0.1982321127953748 3.980193261503978
0.2021034924974091 3.871379702034272
0.205884232329459 3.780739832049906
0.2095896131977877 3.705380868328639
0.2132270282797671 3.637415081979483
0.2167981950442652 3.571166764498035
0.220301998707368 3.503803663102822
0.223757298695089 3.455299987720983
0.2272148396470987 3.457540952009758
0.2306910480046217 3.476208357522936
0.2341662263032739 3.475178298652209
0.2376236466779751 3.457420374701231
0.2410531217480524 3.429475070077237
0.2444427163757615 3.38959462770913
0.2477874130020728 3.344696626311316
0.2510914040825923 3.303991080519542
0.254367309072467 3.275904989874678
0.2576341642968011 3.266855224334064
0.260914868915035 3.280704618233932
0.2642338525834489 3.318983668413877
0.2676159277158526 3.382075132403739
0.271085137369909 3.469209654056393
0.2746612523668995 3.576114996990454
0.2783617981958213 3.70054582892182
0.2822006535971738 3.838855401352481
0.2861879539797446 3.987300382570835
0.2903316550648071 4.143701085062512
0.2946351237547275 4.303468689920376
0.2991016379746945 4.466514219966966
0.303728876459382 4.62723848468749
0.3085091500285329 4.780273569150895
0.3134251024831058 4.915952454572992
0.318450715580903 5.025613097797144
0.3235604666220354 5.109751041132427
0.3287306916899175 5.170225067882117
0.3339563114356769 5.225619745759357
0.3392176534827665 5.261342047089612
0.3445035369082767 5.285883425510229
0.3498000967965442 5.296559888267494
0.3550842424398609 5.284145643316696
0.3603467650198379 5.262522579976947
0.3655648143809104 5.218049361072508
0.3707206892312485 5.155874850338138
0.3757983191655905 5.077629934341965
0.380781329594632 4.983010429041479
0.385653787760734 4.872458166102045
0.3904012085498715 4.74742078913748
0.395010830270288 4.609621720416568
0.3994721530423376 4.461322772049581
0.403777289596029 4.305136553691413
0.4079208799800759 4.143590384046824
0.4118992253172076 3.978345337131761
0.4157091365520824 3.80991123487473
0.4193475199269003 3.638383374817977
0.4228115575858641 3.464037658963748
0.4260988700677176 3.287312481853488
0.4292073334191899 3.108463351472301
0.4321348835163363 2.927550097146403
0.4348795494803457 2.744665964009407
0.4374396070747316 2.560057594385934
0.4398136947885228 2.374087713791218
0.4420007621435577 2.187067355034877
0.4440000814552406 1.999319311682846
0.4458113028254165 1.811221370175919
0.4474343865543381 1.62308372892167
0.4488697475303017 1.435360975963529
0.4501183615419929 1.24861401169124
0.4511816451770841 1.063283635091172
0.4520610509225012 0.8794057454170612
0.4527577922486481 0.6967413261469435
0.4532727602062158 0.5149679575677246
0.4536066557871248 0.3338955809089605
0.4537625003417247 0.1558445545999376
0.4537570387743246 -0.005461567400111278
0.4536100837788206 -0.1469549955039895
0.4533328233194662 -0.2772604593543893
0.4529368543260521 -0.3959689934140975
0.4524238103941391 -0.513043931912982
0.4517931181617079 -0.6306922324312292
0.4510448651831381 -0.7482529785697856
0.4501799036701586 -0.8649615129795452
0.4491997069087686 -0.9801967613899398
0.4481061810049227 -1.093525903845982
0.4469012331724688 -1.20494783245384
0.4455872485672463 -1.313984605222529
0.4441661641387411 -1.421084428505193
0.4426404965176177 -1.525667621123439
0.4410125457407905 -1.627950776827147
0.4392852232920856 -1.727322448704882
0.4374620121329908 -1.82321115909484
0.4355476024960202 -1.914409636970593
0.4335463869261903 -2.001215569829906
0.4314631416190875 -2.083245307102799
0.4293036075938507 -2.159534025236831
0.4270738870707759 -2.229720523074796
0.4247808288921282 -2.293058178647667
0.4224322180473359 -2.34861084479232
0.4200365522828756 -2.39566576446032
0.4176027645723339 -2.433787710541646
0.4151399598261657 -2.462804746168168
0.4126572317948443 -2.482728031321491
0.4101636119869475 -2.493619807896807
0.4076680645917834 -2.495547395164055
0.4051795021275274 -2.488562464255994
0.4027068488674283 -2.4726532600991
0.400259108497638 -2.447740369790341
0.3978452007673605 -2.413907730277443
0.3954746468335625 -2.370553933798036
0.3931571643691317 -2.317482464430753
0.3909020973387631 -2.255067030368596
0.388718656879951 -2.183440458812136
0.3866173748860333 -2.101281993917736
0.3846076146536924 -2.00976023234084
0.3826989847841557 -1.908629869536715
0.3809003128210334 -1.798671963122278
0.3792204704833954 -1.679842337638071
0.3776673040260449 -1.55316645735043
0.376247851227134 -1.419452798910925
0.3749687360808315 -1.279115146302523
0.3738357461038021 -1.132989977029375
0.3728540187766523 -0.981727327149795
0.3720280451563303 -0.8259736203220513
0.3713614595118873 -0.6665856444429963
0.3708569165583157 -0.5045429535716073
0.3705161350427188 -0.3407815155968552
0.3703399470386424 -0.1761880040764274
0.3703282592321079 -0.01168780653448831
0.3705361770439943 0.2079178118863934
0.3919244579547643 21.38828091077
0.393727491235225 1.80303328046072
0.3965071181457327 2.779626910507704
0.4002722969534855 3.765178807752789
0.404427199201021 4.154902247535508
0.4084705491491574 4.043349948136432
0.4122463748396917 3.775825690534307
0.4158864836036172 3.640108763925454
0.4195518175734836 3.665333969866458
0.4232963628274759 3.74454525399226
0.4271179687768809 3.821605949404949
0.430983860986447 3.86589220956618
0.4348496194654678 3.865758479020764
0.4386702091894665 3.82058972399868
0.4423897687724324 3.719559582965881
0.4459523305940372 3.562561821604804
0.449304219162094 3.351888568056849
0.4523908488047123 3.086629642618244
0.4555625151327735 3.171666328061207
0.455843637275646 -0.3373421645089802
0.4572489721390827 1.405334863436747
0.4580433305923898 0.7943584533070536
0.458420132083669 0.3768014912792217
0.4585251796830205 0.1050475993514821
0.4584936257774941 -0.03155390552633808
0.4584531362340439 -0.04048954345020617
0.4584471233032378 -0.006012930806098549
0.4584305608125504 -0.01656249068743287
0.4583213321618658 -0.1092286506846341
0.4580077983201684 -0.3135338416974109
0.4573801451386663 -0.6276531815020414
0.456337574844914 -1.042570293752321
0.4547633550082151 -1.574219836698865
0.4523876723165893 -2.375682691625802
0.4488319989191142 -3.55567339747509
0.4437817212032778 -5.050277715836438
0.4370751414261102 -6.706579777167598
0.4287052155835978 -8.369925842512449
0.4187384947746869 -9.966720808910868
0.4072600049587429 -11.47848981594401
0.3943431818684834 -12.91682309025949
0.3800362953113646 -14.30688655711881
0.3643944759362961 -15.64181937506848
0.3474992823391806 -16.8951935971155
0.3294675029129932 -18.03177942618739
0.310456461549146 -19.01104136384724
0.2906592057398877 -19.79725580925823
0.2702951236252272 -20.36408211466051
0.2495798748537896 -20.7152487714376
0.2287239694448967 -20.85590540889295
0.2079293810949198 -20.79458834997691
0.1873888045748875 -20.5405765200323
0.1672849373811355 -20.10386719375196
0.1477902481907999 -19.49468919033556
0.1289318473658004 -18.85840082499959
0.110311984610353 -18.61986275544733
0.09119180240468296 -19.12018220567006
0.07194753566425369 -19.24426674042927
0.05414965277055642 -17.79788289369727
0.03990423150901925 -14.24542126153717
0.03047308225407229 -9.431149254946959
0.02573954801773326 -4.733534236339025
0.02506099889569755 -0.6785491220357119
0.02791766126492204 2.856662369224491
0.03403157594404261 6.113914679120567
0.0431573622056519 9.125786261609294
0.05472697658568048 11.56961438002858
0.06747991145450458 12.7529348688241
0.07930577773731512 11.82586628281054
0.08762330619415756 8.317528456842444
0.09035628807733023 2.732981883172669
0.08699371906878046 -3.362569008549768
0.07898564594543581 -8.008073123344658
0.06910954226577448 -9.876103679661325
0.06020179209252931 -8.907750173245168
0.05419287904851404 -6.008913044015275
0.05168727217263211 -2.50560687588193
0.05289224826588283 1.204976093250723
0.05878201517084573 5.889766904962901
0.0691544575814878 10.37244241064207
0.08137654475944625 12.22208717795845
0.08948606945877777 8.109524699331516
0.09190150845890747 2.415439000129707
0.09185962795000623 -0.04188050890124861
0.08977755023500959 -2.082077714996633
0.08523399500212026 -4.543555232889338
0.07878667539284485 -6.447319609275401
0.07129578204610024 -7.490893346744618
0.06416732321813733 -7.128458827962911
0.05881048044463503 -5.356842773502297
0.05630938149367411 -2.501098950960921
0.05633532858371475 0.02594709004064
0.05718212550222316 0.846796918508412
0.05690536966011053 -0.2767558421126332
0.05629727600423674 -0.6080936558737828
0.05601057454294842 -0.2867014612883273
0.05593340866036278 -0.07716588258563362
0.05626579445258983 0.3323857922270454
0.05666173535425083 0.3959409016610002
0.05686207367627984 0.2003383220290089
0.05693799589877654 0.07592222249670072
0.05691106020275297 -0.02693569602356394
0.0567824101947768 -0.1286500079761693
0.05653245813642158 -0.2499520583552281
0.05619391175120318 -0.3385463852184009
0.05586145192480793 -0.3324598263952441
0.05548453922081117 -0.3769127039967568
0.05507527485816753 -0.4092643626436437
0.05460602980287832 -0.4692450552892108
0.05410884452773158 -0.4971852751467359
0.05372890686351699 -0.3799376642145968
0.05358526774442905 -0.1436391190879419
0.05372281961309552 0.1375518686664717
0.05401092613974477 0.2881065266492483
0.05431128340070653 0.3003572609617602
0.05456263340690908 0.2513500062025567
0.05490537528285862 0.3427418759495426
0.05529162723079575 0.3862519479371287
0.05567779581416327 0.3861685833675133
0.0561272979076527 0.4495020934894289
0.05655688212725957 0.4295842196068711
0.05691450255208383 0.357620424824262
0.0572398062284781 0.3253036763942729
0.05752919708794709 0.2893908594689895
0.0577430966460972 0.213899558150113
0.05784387618376478 0.1007795376675724
0.05787120809616245 0.0273319123976698
0.05771534118074604 -0.1558669154164069
0.05735195059405448 -0.3633905866915615
0.05681279910923489 -0.5391514848195889
0.05616757620052411 -0.6452229087107741
0.055521585905361 -0.6459902951631152
0.0549963723552905 -0.5252135500704996
0.05469904967591271 -0.2973226793777928
0.05468844715663429 -0.01060251927841732
0.05495255799538176 0.2641108387474722
0.0554048153874704 0.4522573920886369
0.05590731415373778 0.5024987662673799
0.05633125272151675 0.4239385677789684
0.05660807184269238 0.2768191211756296
0.05673330442350701 0.1252325808146285
0.05672992160900502 -0.00338281450198985
0.0566194362920167 -0.110485316988311
0.05641665954711475 -0.2027767449019544
0.05613469906932486 -0.2819604777898888
0.05578997778991551 -0.344721279409356
0.05540474296803566 -0.3852348218798471
0.05500721693286594 -0.3975260351697166
0.05462956377050087 -0.3776531623650714
0.05430389527920842 -0.3256684912924523
0.05405697941790558 -0.2469158613028419
0.05390489103509927 -0.1520883828063091
0.05384921024923132 -0.05568078586794256
0.05387582456749951 0.02661431826818383
0.05395707418582849 0.08124961832897681
0.05405708297504758 0.1000087892190915
0.05413898749960003 0.08190452455245772
0.05417198077141346 0.03299327181342793
0.05413624533430338 -0.03573543711007932
0.05402497010424356 -0.1112752300598263
0.0538438214809801 -0.1811486232634538
0.05360869965496089 -0.2351218260192162
0.05334260935655548 -0.2660902984054081
0.05307204656171207 -0.2705627948434083
0.05282305980479356 -0.2489867569185136
0.05261747642646041 -0.2055833783331518
0.05246958654767943 -0.1478898787809768
0.05238366604070501 -0.08592050697441705
0.05235307201783809 -0.03059402286692547
0.05236143561145765 0.008363593619567511
0.05238585172766146 0.02441611620380285
0.05240141521079773 0.01556348313627026
0.05238608782183184 -0.01532738896588975
0.05232478815029078 -0.0612996715410527
0.05221187467715577 -0.1129134731350165
0.05205172331756953 -0.1601513595862331
0.05185747339685964 -0.1942499207098977
0.05164827097709744 -0.2092024197621958
0.05144553757981241 -0.2027333972850348
0.05126893544753723 -0.1766021322751749
0.05113268779383713 -0.1362476537001001
0.05104261686364467 -0.09007093019246237
0.05099460588007054 -0.04801098357413297
0.05097538891723333 -0.01921696283720825
0.05096540057062856 -0.009988346604768161
0.0509430885071273 -0.0223120635012633
0.05088904455145212 -0.05404395567517456
0.05079014732294657 -0.09889722850554838
0.05064178468611204 -0.1483626368345356
0.0504494012479274 -0.1923834381846387
0.05022716989775113 -0.2222313501762732
0.04999491029683649 -0.232259600914636
0.04977169954753095 -0.2232107493055357
0.04955824326817378 -0.2134562793571701
0.04932250364692137 -0.2357396212524093
0.04902043198644949 -0.3020716604718865
0.04862051864665166 -0.3999133397978305
0.04811696649466748 -0.5035521519841726
0.04752322807986758 -0.5937384147999061
0.04686320316839722 -0.6600249114703596
0.04616868223370141 -0.6945209346958109
0.04547214491412911 -0.6965373195722963
0.04479900966958821 -0.6731352445409067
0.04416194959510004 -0.6370600744881674
0.04355746909512221 -0.6044804999778275
0.04296532237575965 -0.5921467193625642
0.04235416282662874 -0.6111595491309074
0.04169328437099262 -0.6608784556361158
0.04095383216088395 -0.739452210108675
0.0401120187184613 -0.8418134424226509
0.03915608267432099 -0.955936044140307
0.03809486430920771 -1.061218365113276
0.03695751055194521 -1.137353757262503
0.03578872980739341 -1.168780744551796
0.03464034786048422 -1.148381946909194
0.03356192152929432 -1.078426331189902
0.03259312598955851 -0.968795539735813
0.03175840002126173 -0.8347259682967775
0.0310651449753232 -0.6932550459385241
0.03050487970661471 -0.5602652687084902
0.03005682904952766 -0.4480506570870499
0.02969309965737701 -0.3637293921506558
0.02938457441045254 -0.308525246924464
0.02910665650888258 -0.2779179015699601
0.02884389272540014 -0.2627637834824482
0.02859271230889476 -0.2511804165053755
0.02836179021855562 -0.2309220903391439
0.02818164899695794 -0.1801412215976725
0.02848108713767745 0.2994381407195046
0.03028889149693473 1.807804359257283
0.03455780973514263 4.268918238207898
0.04187815589192147 7.320346156778845
0.04973947129968438 7.861315407762907
0.05482175196250586 5.082280662821479
0.05645997601459748 1.638224052091623
0.05377458084466714 -2.685395169930341
0.04782070114937586 -5.953879695291285
0.03959585613309458 -8.224845016281277
0.03114462255259679 -8.45123358049779
0.02378169070287062 -7.362931849726167
0.02013462795424428 -3.647062748626341
0.02118126551693878 1.046637562694495
0.02526474053651652 4.083475019577746
0.03216053357387369 6.895793037357167
0.04114038259318109 8.979849019307402
0.05437407751404204 13.23369492086095
0.04018063343934439 -9.267017199489558
0.02603048206101132 -0.2572033081286139
0.0272258748317977 1.195392770786383
0.02040487183859827 -6.821002993199436
0.01813584303102922 0.1634484389694824
0.01833073850042003 0.1948954693908149
0.0184944828755896 0.1637443751695694
0.01862033277511103 0.1258498995214269
0.01882798265184622 0.2076498767351852
0.01937079524962348 0.5428125977772688
0.02044816401630194 1.077368766678452
0.0217185607518736 1.270396735571666
0.0226313842305877 0.9128234787140962
0.02258633774392734 -0.04504648666035782
0.02175393911717574 -0.8323986267516
0.02067363041035831 -1.08030870681743
0.01998893831342277 -0.6846920969355401
0.02058645508889678 0.5975167754740073
0.02232253836732062 1.736083278423839
0.02436270826628666 2.040169898966042
0.02564248016016936 1.279771893882703
0.02503925513722595 -0.60322502294341
0.02313298194444253 -1.906273192783425
0.0216873165543282 -1.445665390114332
0.02246667607612395 0.7793595217957562
0.02479241672521996 2.325740649096006
0.02614211829868737 1.349701573467407
0 0
0 0
0 0
0 0
0 0
0 0
0 0
0 0
0 0
0 0
0 0
0 0
0 0
0 0
0 0
0 0
