-0.01892404415969331 -18.92404415969331
-0.02024856353103733 -1.324519371344025
-0.01443634854716748 5.812214983869851
-0.009657870445803058 4.778478101364423
-0.006211988326278766 3.445882119524292
-0.003937320081931575 2.274668244347192
-0.002474223349327718 1.463096732603857
-0.001508335862761001 0.9658874865667163
-0.0008362090573594669 0.6721268054015344
-0.0003617995537926142 0.4744095035668526
-9.62673618818985e-05 0.2655321919107158
-7.198386125967631e-05 0.0242835006222222
-0.0001109049615376732 -0.0389211002779969
-0.0001966987375417822 -0.08579377600410901
-0.00032323459369021 -0.1265358561484278
-0.0004403819661387625 -0.1171473724485525
-0.000581860938360173 -0.1414789722214105
-0.001776720010903526 -1.194859072543353
-0.005586249332504958 -3.809529321601432
-0.01080505278736607 -5.218803454861109
-0.01618853903214946 -5.383486244783391
-0.02076942615257634 -4.580887120426886
-0.02421344125337237 -3.444015100796026
-0.02622615032991443 -2.012709076542055
-0.02659912754651704 -0.3729772166026178
-0.02611428437165071 0.4848431748663354
-0.02550841793937449 0.6058664322762218
-0.02499384033512538 0.5145776042491113
-0.02460736751788812 0.3864728172372524
-0.02443365460671367 0.1737129111744548
-0.02458986028745823 -0.1562056807445644
-0.02514139888367455 -0.5515385962163201
-0.02607379628805027 -0.9323974043757218
-0.02731439517861698 -1.240598890566706
-0.02876925695561554 -1.454861776998561
-0.03034929495510709 -1.580037999491545
-0.03198250961737406 -1.633214662266975
-0.03361638080177033 -1.633871184396271
-0.03521983885036382 -1.603458048593486
-0.03677874796490188 -1.558909114538064
-0.03825857430470894 -1.479826339807054
-0.03965357277898851 -1.394998474279575
-0.04094909243276165 -1.295519653773135
-0.0421232390066917 -1.174146573930057
-0.04316769353656923 -1.044454529877524
-0.04409076517270751 -0.9230716361382785
-0.04491367750415135 -0.8229123314438466
-0.04564504077638361 -0.7313632722322633
-0.04629790217429429 -0.6528613979106742
-0.04689391571975517 -0.5960135454608773
-0.04743878511501823 -0.5448693952630618
-0.04792616166751378 -0.487376552495547
-0.04835116896215568 -0.4250072946419062
-0.04871732017637545 -0.366151214219769
-0.04903909542696385 -0.3217752505884006
-0.04934050413146857 -0.3014087045047145
-0.04964883364410896 -0.3083295126403984
-0.04999108325896538 -0.3422496148564186
-0.05039171418958769 -0.4006309306223074
-0.05087363409091451 -0.481919901326823
-0.05145846696241129 -0.5848328714967779
-0.05215698429825421 -0.6985173358429186
-0.05297151066005557 -0.8145263618013556
-0.0538990008043999 -0.9274901443443312
-0.05493309020280996 -1.034089398410064
-0.05606579953935115 -1.132709336541186
-0.05729179984688126 -1.22600030753011
-0.05861602403155756 -1.324224184676308
-0.06004602637326761 -1.430002341710042
-0.06158634899023389 -1.540322616966287
-0.06323624051454808 -1.64989152431419
-0.06499040699249177 -1.754166477943686
-0.06684175258009786 -1.851345587606093
-0.06877769375432495 -1.935941174227088
-0.07078456780789066 -2.006874053565713
-0.07285185767167947 -2.067289863788804
-0.07496095794874354 -2.109100277064069
-0.07708621713829911 -2.12525918955557
-0.07920030898910904 -2.114091850809935
-0.0812783874007342 -2.078078411625162
-0.08330232378668409 -2.023936385949887
-0.08526276389028786 -1.960440103603772
-0.08715777486649304 -1.895010976205175
-0.08899165927942879 -1.833884412935749
-0.09077122587656768 -1.77956659713889
-0.09250438519985178 -1.733159323284106
-0.09419920607745369 -1.694820877601907
-0.09586145811310549 -1.662252035651804
-0.09749452256331119 -1.633064450205696
-0.09910390257748193 -1.609380014170742
-0.100692143667087 -1.588241089605105
-0.1022707607719995 -1.578617104912486
-0.103858635170961 -1.587874398961506
-0.1054560455070348 -1.597410336073759
-0.1070514532224659 -1.595407715431082
-0.1086316871668562 -1.580233944390288
-0.1101872583296419 -1.555571162785693
-0.1117143309302035 -1.527072600561674
-0.1132145093560791 -1.500178425875562
-0.1146938001349081 -1.479290778829051
-0.1161611318905283 -1.467331755620124
-0.1176270326906682 -1.465900800139891
-0.1191025243782834 -1.475491687615196
-0.1205985530686614 -1.496028690378043
-0.1221254569415224 -1.52690387286096
-0.1236922557531241 -1.566798811601724
-0.125306619029437 -1.614363276312966
-0.1269747029467804 -1.668083917343327
-0.1287011998678462 -1.726496921065857
-0.1304893921008322 -1.788192232985958
-0.1323416519761712 -1.852259875338991
-0.1342597001458923 -1.918048169721132
-0.136244083085155 -1.984382939262702
-0.1382937902382685 -2.049707153113478
-0.1404030148683475 -2.10922463007901
-0.1425625263182136 -2.159511449866092
-0.144760198740165 -2.197672421951458
-0.1469869480312234 -2.226749291058344
-0.1492357379587686 -2.248789927545236
-0.1515010796598836 -2.265341701114976
-0.1537778870574923 -2.276807397608688
-0.1560589875059858 -2.281100448493472
-0.1583362511247067 -2.277263618720937
-0.1606026607296883 -2.266409604981645
-0.1628505728878575 -2.247912158169107
-0.1650710149692985 -2.220442081441093
-0.1672564207784956 -2.185405809197072
-0.1693997311926179 -2.143310414122301
-0.171493432477429 -2.093701284811095
-0.1735310053437188 -2.037572866289833
-0.1755061494057553 -1.975144062036499
-0.177413932500661 -1.907783094905607
-0.1792511975316929 -1.837265031031987
-0.1810157808097503 -1.764583278057341
-0.1827073977695711 -1.691616959820841
-0.1843263698726083 -1.618972103037131
-0.1858727689693613 -1.546399096753054
-0.187346853451011 -1.474084481649679
-0.1887490780490924 -1.402224598081453
-0.1900798943286039 -1.33081627951151
-0.1913397667481743 -1.259872419570374
-0.1925305463857577 -1.19077963758335
-0.193653276951307 -1.122730565549318
-0.1947084050220804 -1.055128070773376
-0.1956963168486733 -0.9879118265929132
-0.19661712217598 -0.9208053273067618
-0.1974711053828804 -0.8539832069003606
-0.1982587371558108 -0.7876317729303972
-0.1989806878703189 -0.7219507145081183
-0.1996379081660082 -0.6572202956892648
-0.2002314345021672 -0.5935263361589727
-0.2007620973582123 -0.5306628560451943
-0.2012304116162454 -0.4683142580330368
-0.2016366270530935 -0.4062154368481008
-0.2019809940586344 -0.3443670055409132
-0.2022687699884959 -0.287775929861539
-0.2025102849394496 -0.2415149509536196
-0.2027095265141957 -0.1992415747461562
-0.2028669456698389 -0.1574191556432125
-0.2029813962549465 -0.1144505851076172
-0.2030520619166629 -0.07066566171637367
-0.2030788106868054 -0.02674877014247068
-0.2030614171696899 0.01739351711549375
-0.2029994164642778 0.06200070541206859
-0.2028924521556191 0.1069643086587524
-0.2027398814858232 0.1525706697958484
-0.2025410294134042 0.1988520724189868
-0.202295225402567 0.2458040108372639
-0.2020018012479904 0.2934241545765881
-0.2016602760160359 0.3415252319544371
-0.2012701259956845 0.3901500203514208
-0.2008308234826106 0.4393025130738915
-0.2003422976307519 0.4885258518587676
-0.1998046706450851 0.5376269856668114
-0.1992183957588601 0.5862748862249245
-0.1985840304233423 0.6343653355178613
-0.1979025806500426 0.6814497732996472
-0.1971754389797588 0.7271416702837874
-0.1964043233242709 0.7711156554879584
-0.1955913607312301 0.8129625930407836
-0.1947391288493492 0.8522318818809382
-0.1938505861821235 0.8885426672256835
-0.1929292272846979 0.9213588974255615
-0.1919791950082699 0.9500322764280367
-0.1910048352715073 0.9743597367626033
-0.1900106713787472 0.9941638927601082
-0.1890028913236001 1.007780055147039
-0.1879870358454617 1.0158554781384
-0.186967638506162 1.019397339299732
-0.1859492337858092 1.018404720352806
-0.1849364681266419 1.012765659167303
-0.1839342693965274 1.002198730114534
-0.1829474965684937 0.9867728280336663
-0.1819810380791717 0.9664584893219752
-0.181040020005247 0.9410180739247154
-0.1801295113771944 0.9105086280526142
-0.1792545003855198 0.8750109916745574
-0.1784198355990612 0.8346647864586054
-0.177630057785665 0.7897778133961753
-0.1768893292891263 0.7407284965387784
-0.1762016011632331 0.6877281258932111
-0.1755704128717463 0.6311882914867561
-0.174998770907671 0.5716419640753034
-0.1744891899721814 0.5095809354895564
-0.1740438729412153 0.4453170309661192
-0.1736647128935575 0.3791600476578116
-0.1733532251429437 0.311487750613848
-0.1731105052868574 0.2427198560862598
-0.1729371848313228 0.1733204555345591
-0.1728334996705463 0.103685160776551
-0.172810986929716 0.02251274083028831
-0.173040146922895 -0.2291599931789623
-0.1737583311850583 -0.7181842621633017
-0.1750785998176609 -1.320268632602678
-0.1769646690420759 -1.886069224414977
-0.1791918309594565 -2.227161917380538
-0.1814987266180504 -2.30689565859396
-0.1837327348565651 -2.23400823851469
-0.1858684975601515 -2.135762703586397
-0.187930278618238 -2.061781058086465
-0.1899334110414349 -2.003132423196968
-0.1918837613675856 -1.950350326150707
-0.1937799685482977 -1.896207180712012
-0.1956142601914261 -1.834291643128427
-0.197374987675784 -1.760727484357877
-0.1990476779513956 -1.672690275611594
-0.2006162704289949 -1.568592477599356
-0.2020648467689728 -1.448576339977914
-0.2033805480415042 -1.315701272531361
-0.2045309154677161 -1.150367426211885
-0.2053908572750554 -0.8599418073393372
-0.2058910718184047 -0.5002145433492811
-0.2061000504660189 -0.2089786476142108
-0.2061153666660406 -0.01531620002173661
-0.2060126863930917 0.1026802729489629
-0.2058737076534388 0.1389787396528508
-0.2057741480158928 0.0995596375460428
-0.2057414138934331 0.03273412245966001
-0.2057622137852309 -0.02079989179773478
-0.2058036633775785 -0.04144959234769763
-0.2058273880129403 -0.0237246353617937
-0.2057631435985895 0.06424441435085027
-0.2055740357733619 0.1891078252275746
-0.2052276934966169 0.3463422767450153
-0.2045949759088486 0.6327175877682556
-0.203505220404928 1.089755503920598
-0.2018054681804965 1.699752224431555
-0.1994104552665461 2.39501291395039
-0.1962942178212327 3.116237445313363
-0.1924696772230523 3.824540598180409
-0.1879669280085815 4.50274921447083
-0.182815012579062 5.15191542951951
-0.1770414986204843 5.773513958577642
-0.1706747142488121 6.366784371672207
-0.1637494301915462 6.925284057265945
-0.1563139256523161 7.435504539230086
-0.1484338161485521 7.880109503763971
-0.1401912271378531 8.242589010698993
-0.1316744859154622 8.516741222390989
-0.1229734727082837 8.701013207178448
-0.114177123240984 8.796349467299679
-0.1053715760103375 8.805547230646498
-0.09663923307978373 8.732342930553804
-0.08805695469228557 8.582278387498157
-0.07969943718546868 8.357517506816889
-0.07163732524511243 8.062111940356248
-0.06371876376837743 7.918561476735003
-0.05556428490013528 8.154478868242151
-0.04715598469439609 8.40830020573919
-0.03920905146734457 7.946933227051519
-0.03275275504397738 6.456296423367188
-0.02830814647719324 4.444608566784139
-0.02582682366617622 2.481322811017018
-0.02506561380364667 0.7612098625295535
-0.02588848568661435 -0.8228718829676809
-0.02827317161426749 -2.384685927653146
-0.03218736719579166 -3.914195581524168
-0.03744730206493362 -5.259934869141953
-0.04354888815875258 -6.101586093818965
-0.04955851854749621 -6.00963038874363
-0.05421115792709651 -4.652639379600296
-0.05630416812283304 -2.093010195736531
-0.05525400946970874 1.0501586531243
-0.05145855011600599 3.795459353702749
-0.04615199304413797 5.306557071868015
-0.04083108856713911 5.320904476998859
-0.03668361605155754 4.147472515581577
-0.03438416306937987 2.299452982177666
-0.03425410793560222 0.1300551337776526
-0.03649127756053808 -2.237169624935857
-0.04122436356524928 -4.733086004711201
-0.04788658109092828 -6.662217525678998
-0.05258630753618564 -4.69972644525736
-0.05501336031994588 -2.427052783760243
-0.04677323552818918 8.240124791756696
-0.04751847398098481 -0.7452384527956226
-0.04763040917050547 -0.1119351895206636
-0.04576933501411731 1.861074156388157
-0.04264982608968859 3.119508924428721
-0.0391019680287722 3.547858060916391
-0.03586501744711106 3.236950581661145
-0.0335098836002297 2.355133846881352
-0.03236379395842096 1.146089641808748
-0.03170344590674355 0.6603480516774035
-0.0306747477201186 1.02869818662495
-0.02974990691014049 0.9248408099781155
-0.02926657401831947 0.4833328918210193
-0.02941644127613785 -0.1498672578183861
-0.02987454765930812 -0.4581063831702661
-0.02996958364179652 -0.09503598248839992
-0.03007698096730753 -0.1073973255110057
-0.03017139120282341 -0.09441023551588421
-0.03021562095709069 -0.04422975426728037
-0.03026307490975429 -0.04745395266360364
-0.03024314053325182 0.01993437650247426
-0.03014457486638851 0.09856566686330948
-0.03000751959663817 0.1370552697503441
-0.02983350952484044 0.1740100717977297
-0.02964300377830242 0.190505746538016
-0.02939989805075325 0.2431057275491741
-0.02912397232716703 0.275925723586215
-0.02886686323873046 0.257109088436569
-0.02869693842733252 0.1699248113979437
-0.02865615431742508 0.04078410990743589
-0.02870089225776357 -0.04473794033848719
-0.0287763414805198 -0.07544922275623187
-0.02885547037543929 -0.07912889491948696
-0.02899428542811627 -0.1388150526769778
-0.02917697070433062 -0.1826852762143553
-0.02939046445170077 -0.2134937473701505
-0.02962150883059119 -0.2310443788904187
-0.02985202939768149 -0.2305205670902997
-0.03008579238155004 -0.2337629838685476
-0.03027508278839853 -0.1892904068484906
-0.03049107748918495 -0.2159947007864191
-0.03066699050369755 -0.1759130145126027
-0.03080888116030145 -0.1418906566038949
-0.03092701613364278 -0.118134973341337
-0.03097984134053226 -0.0528252068894737
-0.03096780691200493 0.01203442852732925
-0.03085894175312046 0.1088651588844712
-0.03068484936415367 0.1740923889667831
-0.03048225578420757 0.202593579946099
-0.03028049065308644 0.2017651311211344
-0.03013014583806981 0.1503448150166342
-0.03007193397220449 0.0582118658653194
-0.03012496604739519 -0.05303207519070929
-0.03027828140719183 -0.1533153597966345
-0.03049266347325398 -0.2143820660621548
-0.03071827765981464 -0.2256141865606583
-0.03091896403053696 -0.2006863707223194
-0.03108143699690105 -0.1624729663640898
-0.03120322824184377 -0.1217912449427219
-0.03127945283642986 -0.0762245945860815
-0.03130278174261133 -0.02332890618147315
-0.03127160175826342 0.03117998434790797
-0.03119196307237883 0.07963868588459211
-0.03107352825346207 0.1184348189167544
-0.03092767772911152 0.145850524350552
-0.03076778495353444 0.15989277557708
-0.03060884873348627 0.1589362200481691
-0.03046587278859329 0.1429759448929799
-0.03035149509741356 0.1143776911797303
-0.03027361089597847 0.07788420143509459
-0.03023369319463203 0.03991770134643621
-0.03022638928933948 0.007303905292549429
-0.03024063873065215 -0.01424944131267133
-0.03026207582991936 -0.02143709926720819
-0.03027598480542564 -0.0139089755062799
-0.0302699311200451 0.006053685380542906
-0.03023553295946329 0.03439816058180625
-0.03016930857463869 0.06622438482460635
-0.03007279874738753 0.09650982725115456
-0.02995218408746602 0.1206146599215079
-0.0298173080367906 0.1348760506754247
-0.0296801012817577 0.1372067550328947
-0.02955268027999457 0.1274210017631373
-0.02944520461611448 0.1074756638800856
-0.02936393088672594 0.08127372938854238
-0.02930999842319511 0.0539324635308279
-0.02927926744772733 0.03073097546777911
-0.02926323487910144 0.01603256862589206
-0.02925076314380906 0.01247173529238255
-0.02923030966412764 0.02045347968141278
-0.02919216491367546 0.03814475045218341
-0.02913024036326183 0.06192455041363273
-0.02904311109631221 0.08712926694961695
-0.02893418968894853 0.1089214073636789
-0.02881103321451316 0.1231564744353757
-0.02868390200577235 0.1271312087408084
-0.02856382025525777 0.1200817505145786
-0.02846045363477031 0.1033666204874606
-0.02838016416828102 0.08028946648929239
-0.02832452367112661 0.05564049715441055
-0.02828999657958712 0.03452709153949074
-0.02826867908806613 0.02131749152098697
-0.02824998512629403 0.01869396177209964
-0.02822264892490269 0.02733620139133697
-0.02817700106051271 0.04564786438998603
-0.02810641200171644 0.07058905879626237
-0.02800935600498946 0.09705599672698087
-0.02788932887096373 0.1200271340257367
-0.0277538498788856 0.1354789920781294
-0.02761236485532112 0.141485023564477
-0.02746417085876159 0.1481939965595307
-0.02728986519839818 0.1743056603634129
-0.02706983342112981 0.2200317772683633
-0.02680270022926899 0.2671331918608251
-0.0264978723909682 0.304827838300787
-0.02616398305005672 0.3338893409114765
-0.02581073787024397 0.3532451798127501
-0.02545153508146542 0.3592027887785593
-0.02509817815150413 0.3533569299612876
-0.02475751834363494 0.3406598078691848
-0.02442915628311145 0.3283620605234877
-0.02410483458051819 0.3243217025932603
-0.02376936761607576 0.3354669644424386
-0.02340387692537897 0.365490690696784
-0.02299663403258855 0.4072428927904201
-0.02253837633473381 0.4582576978547429
-0.02202196365600005 0.5164126787337541
-0.02144855740583851 0.5734062501615497
-0.02083029683589354 0.6182605699449651
-0.02018959435554963 0.6407024803439104
-0.01955029421876577 0.6393001367838643
-0.01893605790488345 0.6142363138823131
-0.01836714761913876 0.5689102857446872
-0.01785777350966914 0.5093741094696277
-0.01741480386251832 0.4429696471508204
-0.01703777940321081 0.3770244593075088
-0.01672004725119942 0.3177321520113907
-0.01645073112095862 0.2693161302407924
-0.01621735685600482 0.2333742649538069
-0.01600851212195678 0.2088447340480408
-0.01581625447659251 0.1922576453642702
-0.01563769950808033 0.1785549685121741
-0.0154754942954876 0.1622052125927372
-0.01533714951212223 0.1383447833653694
-0.01523343629380958 0.1037132183126441
-0.01543393729839558 -0.2005010045859987
-0.01668896878788045 -1.25503148948487
-0.01947911003415681 -2.790141246276363
-0.02385631066820708 -4.377200634050268
-0.02801415497570364 -4.157844307496557
-0.029407652118382 -1.393497142678366
-0.02937992553785484 0.02772658052716329
-0.02811498781093855 1.264937726916295
-0.02544521542544472 2.669772385493828
-0.02168837206020143 3.75684336524329
-0.01769787596517646 3.990496095024963
-0.01225142776065354 5.446448204522921
-0.01291080451146813 -0.659376750814589
-0.01307436175854923 -0.1635572470811003
-0.01479357563934737 -1.719213880798138
-0.01817566156186342 -3.382085922516051
-0.02279937731674479 -4.623715754881363
-0.02921391170484227 -6.414534388097481
-0.02048277456086105 5.113193779847716
-0.02035827388547767 0.1245006753833808
-0.0257423108778702 -6.638090140314485
-0.03232940143129054 -6.587090553420341
0 0
0 0
0 0
0 0
0 0
0 0
0 0
0 0
0 0
0 0
0 0
0 0
0 0
0 0
0 0
0 0
0 0
0 0
0 0
0 0
0 0
0 0
0 0
0 0
0 0
0 0
0 0
0 0
0 0
0 0
0 0
0 0
0 0
0 0
0 0
0 0
0 0
0 0
0 0
