-1.145728776940895 -1145.728776940895
-0.9921892916571902 153.5394852837049
-0.9935254551439592 -1.336163486769015
-0.993550859482586 -0.02540433862685543
-0.9921561620162658 1.39469746632026
-0.9893665756680272 2.78958634823856
-0.9852881158063136 4.078459861713624
-0.9797538398891613 5.534275917152276
-0.9722425130903689 7.511326798792406
-0.9629203340225594 9.322179067809522
-0.9524107021386392 10.50963188392018
-0.9414040075499468 11.00669458869241
-0.9304678057088883 10.93620184105848
-0.9200697761123978 10.3980295964905
-0.9101234209352334 9.946355177164467
-0.8998081158336477 10.31530510158563
-0.8877915834153367 12.01653241831102
-0.87438054860819 13.41103480714667
-0.8600349261342514 14.34562247393867
-0.8450352248906757 14.99970124357564
-0.8291270507149666 15.90817417570911
-0.8117835625776973 17.34348813726927
-0.7925344445832624 19.24911799443496
-0.7710976903844008 21.4367541988616
-0.7474158904860478 23.68179989835295
-0.7216076523785862 25.80823810746169
-0.693878578037541 27.7290743410451
-0.664485159709841 29.39341832770004
-0.6336679197245358 30.81723998530517
-0.6016275927332232 32.04032699131265
-0.5685235927098105 33.10400002341274
-0.5345110257664463 34.01256694336418
-0.4997038998621252 34.80712590432105
-0.4642183368411714 35.48556302095385
-0.4281966159004775 36.02172094069383
-0.3918250871427549 36.37152875772265
-0.3552815779000103 36.54350924274458
-0.3188622837982378 36.41929410177247
-0.2424541268849812 76.40815691325659
-0.1560171927247731 86.43693416020811
-0.1494972251629479 6.519967561825268
-0.1433964321211498 6.100793041798086
-0.1370718461185419 6.324586002607879
-0.1305409403144415 6.530905804100429
-0.1238151675230314 6.725772791410109
-0.1169162091560773 6.898958366954047
-0.1099022165594524 7.013992596624941
-0.1027562375406056 7.14597901884674
-0.09543195229706262 7.324285243543005
-0.08791588378199552 7.516068515067101
-0.0802324760496657 7.683407732329825
-0.07243118562042752 7.801290429238175
-0.06457628472547375 7.854900894953776
-0.05674072801744262 7.835556708031127
-0.04900315050238187 7.737577515060753
-0.0414534688651069 7.549681637274964
-0.03441942717614908 7.034041688957826
-0.02573944558811126 8.679981588037819
-3.715321998488755e-29 25.73944558811126
-3.926136621236922e-72 3.715321998488755e-26
-5.644914367457932e-108 3.926136621236922e-69
-3.615887208440352e-135 5.644914367457931e-105
-8.310481749212325e-156 3.615887208440352e-132
-1.773711321723694e-171 8.310481749212323e-153
-2.203992828359794e-183 1.77371132172149e-168
-1.954469121789617e-192 2.203992826405325e-180
-2.520594195092324e-199 1.954468869730198e-189
-1.416342440615482e-204 2.520580031667918e-196
-1.391463580253563e-208 1.416203294257457e-201
-1.196705123599468e-211 1.390266875129964e-205
-5.332869443250745e-214 1.191372254156218e-208
-8.271379779402558e-216 5.250155645456719e-211
-3.301012181665633e-217 7.941278561235995e-213
-2.695294078466014e-218 3.031482773819031e-214
-3.784085146161883e-219 2.316885563849826e-215
-8.007970903520657e-220 2.983288055809818e-216
-2.311904778755738e-220 5.696066124764918e-217
-8.441788780463216e-221 1.467725900709416e-217
-3.680352520622949e-221 4.761436259840266e-218
-1.833775560199423e-221 1.846576960423526e-218
-1.010510061957564e-221 8.232654982418591e-219
-6.008937118029563e-222 4.096163501546077e-219
-3.786104296603931e-222 2.222832821425632e-219
-2.493907566944922e-222 1.292196729659008e-219
-1.700641471313218e-222 7.932660956317046e-220
-1.192163274687703e-222 5.084781966255148e-220
-8.544799960919934e-223 3.376832785957096e-220
-6.233104333270996e-223 2.311695627648938e-220
-4.610741491490343e-223 1.622362841780653e-220
-3.44693730725713e-223 1.163804184233212e-220
-2.595550580540919e-223 8.513867267162112e-221
-1.96091664677704e-223 6.346339337638788e-221
-1.479498904820388e-223 4.814177419566519e-221
-1.107985022301619e-223 3.715138825187699e-221
-8.18650324819383e-224 2.893346974822355e-221
-5.932509178351488e-224 2.253994069842342e-221
-4.189943366080256e-224 1.742565812271232e-221
-2.857696468328639e-224 1.332246897751616e-221
-1.860863514245685e-224 9.968329540829547e-222
-1.158482914134156e-224 7.023806001115288e-222
-7.159464205708543e-225 4.425364935633016e-222
-4.883013586836018e-225 2.276450618872524e-222
-4.435675219832377e-225 4.473383670036411e-223
-5.469490182439061e-225 -1.033814962606684e-222
-7.592522087938437e-225 -2.123031905499376e-222
-1.03851020376186e-224 -2.792579949680162e-222
-1.347642503925621e-224 -3.091323001637607e-222
-1.664410478877992e-224 -3.167679749523713e-222
-1.955189958898851e-224 -2.907794800208588e-222
-2.199585046807845e-224 -2.443950879089939e-222
-2.384444692165077e-224 -1.848596453572326e-222
-2.492533603304662e-224 -1.08088911139585e-222
-2.511899243135626e-224 -1.936563983096374e-223
-2.441343387764695e-224 7.05558553709306e-223
-2.291003412107673e-224 1.503399756570223e-222
-2.080927970995752e-224 2.100754411119208e-222
-1.840799941671795e-224 2.401280293239573e-222
-1.605594552852761e-224 2.352053888190338e-222
-1.411235611189294e-224 1.943589416634674e-222
-1.284474628163571e-224 1.267609830257224e-222
-1.235414657735153e-224 4.905997042841805e-223
-1.260644913519301e-224 -2.523025578414745e-223
-1.34310155360608e-224 -8.245664008677931e-223
-1.460528801596925e-224 -1.174272479908451e-222
-1.594658428560346e-224 -1.341296269634204e-222
-1.727666552712602e-224 -1.33008124152256e-222
-1.84476646761597e-224 -1.170999149033688e-222
-1.933362501671811e-224 -8.859603405584093e-223
-1.983520798666642e-224 -5.015829699483062e-223
-1.988925125321401e-224 -5.404326654759133e-224
-1.947011552183042e-224 4.191357313835888e-223
-1.859755014447473e-224 8.725653773556868e-223
-1.7365580286542e-224 1.231969857932732e-222
-1.593278176616065e-224 1.432798520381355e-222
-1.449007954830873e-224 1.442702217851921e-222
-1.322344375731309e-224 1.266635790995638e-222
-1.225912631156437e-224 9.643174457487157e-223
-1.165468071806919e-224 6.044455934951809e-223
-1.140056641784425e-224 2.541143002249459e-223
-1.143031412345213e-224 -2.974770560788168e-224
-1.163710292398714e-224 -2.067888005350148e-223
-1.189280732878268e-224 -2.55704404795538e-223
-1.207003978523192e-224 -1.77232456449236e-223
-1.205997911615337e-224 1.006066907855128e-224
-1.178456855078357e-224 2.754105653697947e-223
-1.120910751646231e-224 5.754610343212571e-223
-1.034394821442227e-224 8.651593020400412e-223
-9.240357507558768e-225 1.103590706863504e-222
-7.983960088160787e-225 1.256397419397981e-222
-6.674461049934718e-225 1.309499038226068e-222
-5.404008409402243e-225 1.270452640532475e-222
-4.245363419967346e-225 1.158644989434898e-222
-3.24354839379079e-225 1.001815026176556e-222
-2.411123831723808e-225 8.324245620669819e-223
-1.728172979435693e-225 6.829508522881146e-223
-1.147842817997541e-225 5.803301614381527e-223
-6.061858271838074e-226 5.416569908137331e-223
-3.461623069978151e-227 5.715695964840259e-223
6.277641066060349e-226 6.623803373058164e-223
1.424396544583326e-225 7.966324379772913e-223
2.375327918904415e-225 9.509313743210886e-223
3.475055677874615e-225 1.0997277589702e-222
4.693385191809369e-225 1.218329513934754e-222
5.979775962694345e-225 1.286390770884976e-222
7.293656830212231e-225 1.313880867517886e-222
8.590018548477602e-225 1.29636171826537e-222
9.835393064902197e-225 1.245374516424595e-222
1.101387511540125e-224 1.178482050499054e-222
1.21269869050425e-224 1.113111789641247e-222
1.321203512338062e-224 1.085048218338127e-222
1.432403071857768e-224 1.111995595197059e-222
1.550111595654899e-224 1.177085237971307e-222
1.679370201770477e-224 1.292586061155782e-222
1.822153237727747e-224 1.427830359572696e-222
1.981199118732059e-224 1.590458810043116e-222
2.153822258644176e-224 1.726231399121178e-222
2.322013221802102e-224 1.68190963157926e-222
2.468017384452795e-224 1.460041626506922e-222
2.599221295543852e-224 1.312039110910569e-222
2.737354856385353e-224 1.381335608415017e-222
2.896817559227412e-224 1.594627028420584e-222
3.083999421978779e-224 1.871818627513672e-222
3.300491684606708e-224 2.16492262627929e-222
3.544354312254047e-224 2.438626276473393e-222
3.810268481207165e-224 2.659141689531176e-222
4.090153282553215e-224 2.798848013460503e-222
4.374384233827845e-224 2.842309512746295e-222
4.653604571623747e-224 2.792203377959024e-222
4.920486458167736e-224 2.668818865439891e-222
5.170533418811394e-224 2.500469606436578e-222
5.403157780475035e-224 2.326243616636409e-222
5.625967610749177e-224 2.228098302741418e-222
5.848977227044131e-224 2.230096162949543e-222
6.084416427729593e-224 2.354392006854622e-222
6.342721828442348e-224 2.583054007127547e-222
6.634134515279927e-224 2.91412686837579e-222
6.960649453870011e-224 3.265149385900843e-222
7.321173465747314e-224 3.605240118773033e-222
7.707040049276217e-224 3.858665835289024e-222
8.10275494744913e-224 3.957148981729131e-222
8.498130583403691e-224 3.953756359545615e-222
8.881985187243748e-224 3.838546038400567e-222
9.242607298946969e-224 3.606221117032204e-222
9.570757712084511e-224 3.281504131375425e-222
9.861515593849193e-224 2.90757881764682e-222
1.011445355111827e-223 2.529379572690804e-222
1.033270005227499e-223 2.182465011567164e-222
1.052149746887722e-223 1.887974166022318e-222
1.068645612732067e-223 1.649586584434439e-222
1.083191286679287e-223 1.454567394722068e-222
1.096168338885391e-223 1.297705220610364e-222
1.143066844727693e-223 4.689850584230205e-222
1.211585447182515e-223 6.851860245482185e-222
1.221306301568815e-223 9.720854386300048e-223
1.126168387877226e-223 -9.513791369158903e-222
8.974127560954671e-224 -2.287556317817587e-221
5.518613661559701e-224 -3.45551389939497e-221
1.866735077416501e-224 -3.651878584143199e-221
-1.162606951794356e-224 -3.029342029210857e-221
-3.058927360283023e-224 -1.896320408488666e-221
-3.503390423012593e-224 -4.444630627295707e-222
-2.44418825409269e-224 1.059202168919903e-221
-2.108145357713957e-225 2.233373718321294e-221
2.59403264126654e-224 2.804847177037936e-221
5.316330008079378e-224 2.722297366812837e-221
7.426000947603353e-224 2.109670939523975e-221
8.562123608316489e-224 1.136122660713136e-221
8.501652413337141e-224 -6.047119497934868e-223
7.162071304963423e-224 -1.339581108373717e-221
-0.04927463066090489 -49.27463066090488
-0.2195164564758946 -170.2418258149897
-0.4097299701095666 -190.213513633672
-0.5880506434813871 -178.3206733718206
-0.7671972091769547 -179.1465656955675
-0.9343697465258534 -167.1725373488987
-1.082445287048494 -148.0755405226404
-1.205986404928304 -123.5411178798105
-1.300483118080777 -94.49671315247276
-1.362456444454977 -61.97332637420016
-1.389460921280113 -27.00447682513629
-1.380226762348599 9.234158931514802
-1.334827547246493 45.3992151021052
-1.254910830761411 79.91671648508225
-1.174523205914045 80.38762484736606
-1.239268057175153 -64.74485126110795
-1.30981872465628 -70.55066748112692
-1.358657943113599 -48.83921845731876
-1.352365558929382 6.29238418421707
-1.307696358297998 44.6692006313838
-1.225500732680856 82.19562561714233
-1.129095424749792 96.40530793106383
-1.032495626055485 96.59979869430724
-0.9435774188158068 88.91820723967768
-0.866777301154212 76.80011766159478
-0.8030449801451447 63.73232100906733
-0.7517609304140729 51.28404973107181
-0.7117784096353165 39.98252077875642
-0.6821190004916372 29.65940914367926
-0.6624318802041442 19.68712028749298
-0.6529984461932524 9.433434010891805
-0.6543527174607298 -1.354271267477336
-0.6669525255112915 -12.59980805056171
-0.6909128460079823 -23.96032049669083
-0.7258519050198043 -34.93905901182204
-0.7708738532830269 -45.02194826322259
-0.8245250580355004 -53.65120475247343
-0.8846467716625246 -60.12171362702423
-0.9484162505955048 -63.76947893298023
-1.012880345119078 -64.46409452357271
-1.075438712890236 -62.55836777115831
-1.133968455282003 -58.52974239176722
-1.186789644534887 -52.82118925288381
-1.232549925469887 -45.7602809350004
-1.269681239982819 -37.1313145129315
-1.296730105542487 -27.04886555966834
-1.313084902052145 -16.35479650965821
-1.318455850724673 -5.370948672527742
-1.313240499386341 5.215351338332397
-1.298419097926065 14.82140146027611
-1.275130599067007 23.28849885905759
-1.244434406475184 30.69619259182254
-1.207201669728281 37.23273674690386
-1.164199015770014 43.00265395826619
-1.116265894576446 47.9331211935683
-1.064392030427173 51.87386414927308
-1.009723270078697 54.66876034847634
-0.9535300557754284 56.19321430326829
-0.8971477941019793 56.38226167344907
-0.8419060427221431 55.24175137983622
-0.7890437802557316 52.86226246641146
-0.7396484176357775 49.39536261995414
-0.6946212622396701 45.02715539610735
-0.6546575136023034 39.96374863736673
-0.6202575547016567 34.39995890064673
-0.7220469745559873 -101.7894198543306
-0.6953018789337987 26.74509562218863
-0.6760913768331127 19.21050210068598
-0.6645724302614029 11.51894657170982
-0.660708373810138 3.864056451264863
-0.6643276872865141 -3.619313476376118
-0.6751652555900802 -10.83756830356608
-0.6928432323010582 -17.67797671097793
-0.7168634903467455 -24.0202580456873
-0.7465950432907138 -29.73155294396834
-0.7812656482777721 -34.67060498705832
-0.8199949416355763 -38.72929335780417
-0.8618309543887166 -41.8360127531403
-0.9057613411858949 -43.93038679717831
-0.9507396474468797 -44.97830626098476
-0.9957162108131999 -44.97656336632028
-1.039676685535268 -43.96047472206799
-1.08167875385585 -42.0020683205824
-1.120879704710533 -39.20095085468267
-1.156559771908144 -35.68006719761074
-1.188095470356663 -31.53569844851911
-1.214976359139312 -26.88088878264927
-1.236833826793406 -21.85746765409391
-1.253444083693513 -16.61025690010653
-1.264701939947861 -11.25785625434839
-1.270508111814075 -5.806171866214349
-1.270722164172607 -0.2140523585312248
-1.265464666781903 5.257497390704025
-1.255058017378959 10.40664940294311
-1.240046274244051 15.01174313490861
-1.221073962321019 18.97231192303184
-1.198797256161573 22.27670615944599
-1.173823903902646 24.97335225892683
-1.14663911037105 27.18479353159631
-1.11773393289307 28.90517747798005
-1.08760903052174 30.1249023713297
-1.056739695406341 30.86933511539924
-1.025563601019484 31.17609438685687
-0.9944744010734713 31.08919994601267
-0.9638160762596897 30.65832481378161
-0.933893025995062 29.92305026462772
-0.9049674359579747 28.92559003708728
-0.8772680730901522 27.69936286782249
-0.8509862726137671 26.28180047638507
-0.826276918095815 24.70935451795209
-0.8032665254887098 23.01039260710525
-0.7820303915851821 21.23613390352774
-0.7626200411529139 19.41035043226813
-0.7450565518495389 17.56348930337504
-0.7293767865207976 15.67976532874127
-0.7156939314505217 13.68285507027589
-0.7053747791680414 10.31915228248037
-0.6998074680752371 5.567311092804283
-0.6987509393782729 1.056528696964154
-0.7013176310091079 -2.566691630835005
-0.7066530733835725 -5.335442374464594
-0.7140448025389097 -7.391729155337146
-0.7229588375942824 -8.914035055372693
-0.7329371046685921 -9.978267074309709
-0.743641036678213 -10.70393200962094
-0.7547955125198129 -11.1544758415999
-0.7661898664155569 -11.39435389574395
-0.7776661722933285 -11.4763058777716
-0.7891105886311451 -11.44441633781668
-0.800439354532782 -11.32876590163689
-0.8115907835144585 -11.15142898167642
-0.8225236774530517 -10.9328939385932
-0.8332117324857203 -10.68805503266868
-0.8436356038882425 -10.42387140252221
-0.853777684368594 -10.14208048035148
-0.8636218975956609 -9.844213227066856
-0.8731551801607755 -9.533282565114654
-0.8823688942978538 -9.213714137078277
-0.8912572074077032 -8.888313109849388
-0.8998147702502918 -8.557562842588572
-0.9080364557695678 -8.221685519276045
-0.9159176737265691 -7.881217957001252
-0.923454193789642 -7.536520063072927
-0.9306419333250695 -7.187739535427506
-0.9374771468418251 -6.835213516755645
-0.943956203833084 -6.479056991258836
-0.9500747173714508 -6.118513538366788
-0.9558266496467354 -5.751932275284588
-0.9612031579970894 -5.376508350354081
-0.9661923799317537 -4.989221934664223
-0.9707803611149572 -4.587981183203582
-0.974953292917443 -4.172931802485791
-0.9786991093163393 -3.745816398896262
-0.9820079110548571 -3.308801738517775
-0.9848721815022577 -2.864270447400674
-0.9872862948177743 -2.414113315516553
-0.9892467782112216 -1.960483393447343
-0.9907539848700258 -1.507206658804106
-0.9918139823487842 -1.059997478758401
-0.9924381055315912 -0.6241231828070237
-0.9926395758777278 -0.2014703461366008
-0.9924320097365438 0.2075661411840013
-0.9918281197470381 0.6038899895056682
-0.9908388087410287 0.9893110060094079
-0.9894771997514322 1.361608989596474
-0.9877574098291315 1.719789922300707
-0.9856932347836895 2.064175045441985
-0.9832983625740335 2.394872209656063
-0.9805860075903239 2.712354983709586
-0.9775698130544842 3.016194535839678
-0.9742635392038667 3.306273850617547
-0.9706834382435495 3.580100960317134
-0.966843168096805 3.840270146744484
-0.9627551590669796 4.088009029825423
-0.9584347926389674 4.320366428012257
-0.9538994180317462 4.535374607221199
-0.9491686795761303 4.73073845561589
-0.94426253118237 4.906148393760246
-0.9392016500069307 5.060881175439347
-0.9340011032199852 5.200546786945481
-0.9286756243448383 5.325478875146894
-0.9232408495054044 5.434774839433887
-0.9177131481573816 5.527701348022829
-0.9121095538333607 5.603594324020911
-0.9064479219656849 5.661631867675765
-0.9007468327032025 5.701089262482362
-0.8950253536569389 5.721479046263633
-0.8893027731637396 5.722580493199292
-0.8835985240636032 5.704249100136449
-0.8779322887908014 5.666235272801745
-0.872322696018324 5.609592772477412
-0.8667901858637279 5.532510154596104
-0.8613577036902749 5.432482173453046
-0.8560475658352952 5.310137854979691
-0.8508772983780026 5.170267457292543
-0.8458656840576809 5.011614320321711
-0.841029185978908 4.836498078772955
-0.8363870652490499 4.642120729858035
-0.8319575542221987 4.429511026851185
-0.8277601608346712 4.197393387527559
-0.8238158670614937 3.94429377317751
-0.8201451181296293 3.670748931864365
-0.8167662915799072 3.378826549722103
-0.8136955878678215 3.070703712085732
-0.8109421625235446 2.753425344276916
-0.8085158349751874 2.426327548357143
-0.8064275870248874 2.088247950300048
-0.8046881746690138 1.739412355873604
-0.8033065144834575 1.381660185556299
-0.8022885850890197 1.017929394437789
-0.8016637743812416 0.6248107077780896
-0.8016806536874412 -0.01687930619964639
-0.8024208205452796 -0.740166857838398
-0.8036709410540412 -1.25012050876161
-0.8053711143537925 -1.700173299751251
-0.8075696787722546 -2.198564418462112
-0.8104870851621112 -2.917406389856603
-0.8143034933919097 -3.816408229798451
-0.8189813274955475 -4.677834103637868
-0.824394166271766 -5.412838776218454
-0.8303346600803443 -5.940493808578307
-0.8437205954718294 -13.38593539148514
-0.8466418983274147 -2.921302855585228
-0.8534299000648959 -6.788001737481286
-0.8601751625701914 -6.745262505295502
-0.8667667587232978 -6.591596153106338
-0.8731121421562829 -6.345383432985074
-0.8851657857504543 -12.05364359417149
-0.8649611910856876 7.766896781933097
-0.8591205288840382 5.84066220164936
-0.8616420037954275 -6.521163756742832
-0.869105378154244 -7.463374358816499
0 0
0 0
0 0
0 0
0 0
0 0
0 0
0 0
0 0
0 0
0 0
0 0
0 0
0 0
0 0
0 0
0 0
0 0
0 0
0 0
0 0
0 0
0 0
0 0
0 0
0 0
0 0
0 0
0 0
0 0
0 0
0 0
0 0
0 0
0 0
0 0
0 0
0 0
0 0
