0.01830735714826908 18.30735714826908
0.01794308724131749 -0.3642699069515871
0.01768447020862774 -0.2586170326897494
0.01755212619932305 -0.1323440093046885
0.01771153620667416 0.159410007351108
0.01802939844201277 0.3178622353386049
0.018411448520868 0.3820500788552367
0.01881194419084876 0.4004956699807591
0.01921738417967518 0.4054399888264205
0.01962891639066721 0.411532210992032
0.02005223739675635 0.4233210060891404
0.0204963090656563 0.4440716688999466
0.02096892139961695 0.4726123339606446
0.02155587745997389 0.5869560603569413
0.02261542289040307 1.05954543042918
0.02655207115264776 3.936648262244689
0.03056107029271621 4.008999140068452
0.0323741292246954 1.813058931979195
0.03429061213149474 1.916482906799334
0.03627878575313091 1.988173621636176
0.03803152589580835 1.752740142677442
0.04044558149967971 2.414055603871354
0.04232943421296402 1.883852713284312
0.04362584799780987 1.296413784845851
0.04510726344540258 1.481415447592713
0.04700031282977755 1.893049384374963
0.04845759909106143 1.457286261283879
0.04949785534062532 1.040256249563894
0.05020305856239109 0.7052032217657669
0.05052623940569553 0.3231808433044395
0.05039863829669027 -0.1276011090052612
0.04975552220286919 -0.643116093821075
0.04854611321127943 -1.209408991589757
0.04675008494661353 -1.796028264665898
0.04448583705944399 -2.264247887169543
0.04217918713383649 -2.306649925607501
0.0401358547897054 -2.043332344131087
0.0383921850389012 -1.7436697508042
0.03693016007612894 -1.462024962772264
0.03574806842250103 -1.182091653627912
0.03485845103141066 -0.8896173910903638
0.03423711093131784 -0.6213401000928209
0.03378390290642933 -0.4532080248885184
0.03344081001969314 -0.3430928867361877
0.03317386702315661 -0.2669429965365261
0.0329713498522041 -0.2025171709525153
0.03283659005147148 -0.1347598007326173
0.03276261735408142 -0.07397269739005397
0.03274872506832124 -0.01389228576018781
0.03280200518109389 0.05328011277264816
0.03291154743435227 0.1095422532583837
0.03305466641151745 0.1431189771651797
0.0332135279790061 0.1588615674886565
0.03336962462628486 0.1560966472787598
0.03350592935276819 0.1363047264833217
0.03361099387970943 0.1050645269412426
0.03367526631702628 0.0642724373168535
0.03369107566460489 0.0158093475786103
0.03365332142357451 -0.03775424103038411
0.03355982920354045 -0.09349222003405405
0.03341408732189709 -0.1457418816433603
0.03322457638976758 -0.1895109321295094
0.03299773553696819 -0.2268408527993926
0.03273935776865164 -0.2583777683165533
0.03245496173513032 -0.2843960335213169
0.03214613097579033 -0.3088307593399967
0.03181111176629266 -0.3350192094976612
0.03146079052291492 -0.3503212433777422
0.0311065760850685 -0.3542144378464208
0.03075612759201871 -0.3504484930497917
0.03041718243866019 -0.338945153358524
0.0300968035931013 -0.3203788455588899
0.02980227356821201 -0.2945300248892828
0.02953734160039249 -0.2649319678195184
0.02930684689835647 -0.2304947020360278
0.02911784719914734 -0.1889996992091268
0.0289705198816595 -0.1473273174878442
0.02885941532437873 -0.111104557280764
0.02877713598133038 -0.08227934304834775
0.02871608770692794 -0.06104827440243932
0.02867049158035875 -0.04559612656919801
0.02863545816098271 -0.03503341937603766
0.02860622796404608 -0.02923019693662487
0.02857885264352536 -0.02737532052072417
0.02854906987364077 -0.02978276988459261
0.02851308029524307 -0.03598957839769448
0.02846778943920512 -0.04529085603795571
0.02841186979277142 -0.05591964643369279
0.02834550285203331 -0.06636694073811761
0.02826839753613638 -0.07710531589692413
0.02818019699775309 -0.08820053838329289
0.02808187642520297 -0.09832057255012086
0.0279728308057729 -0.1090456194300683
0.02785215433535417 -0.1206764704187319
0.02772088024690986 -0.1312740884443046
0.02758260503309247 -0.1382752138173945
0.02744216759194548 -0.1404374411469872
0.02730455236547651 -0.1376152264689762
0.02717368347587164 -0.1308688896048613
0.02705205339687376 -0.1216300789978857
0.02694059458390999 -0.1114588129637675
0.02683888474932203 -0.1017098345879631
0.02674549267497852 -0.09339207434350821
0.02665852343929113 -0.08696923568739245
0.02657629753422172 -0.08222590506940311
0.02649710232276473 -0.0791952114569984
0.02641969249982764 -0.07740982293709051
0.02634302060937295 -0.07667189045468259
0.02626643461313112 -0.07658599624183263
0.02618968344455454 -0.07675116857657621
0.02611304212005513 -0.07664132449941574
0.02603746194363524 -0.07558017641988435
0.02596430588389047 -0.0731560597447764
0.02589442605043386 -0.06987983345660767
0.02582763510913043 -0.06679094130343163
0.02576446321717027 -0.06317189196015927
0.02570558360334554 -0.05887961382472842
0.02565304962700817 -0.0525339763373725
0.02560598597645795 -0.04706365055021783
0.02556278271892765 -0.04320325753030471
0.02552267451028654 -0.04010820864110837
0.02548416504527399 -0.0385094650125449
0.02544488842602573 -0.03927661924825812
0.02540511438178989 -0.03977404423584352
0.02536632693353902 -0.03878744825086891
0.02532867228565035 -0.03765464788867134
0.02529290644681672 -0.03576583883363113
0.02525994010410156 -0.03296634271516066
0.02522915030050867 -0.03078980359289343
0.02520127279392258 -0.02787750658608465
0.02517534906015501 -0.02592373376756815
0.02515121569223887 -0.02413336791614457
0.02513003516125185 -0.02118053098701736
0.02511070968210467 -0.01932547914718086
0.02509364866100052 -0.01706102110414845
0.02507928732012186 -0.01436134087866303
0.025067559244355 -0.01172807576686058
0.02505833202153232 -0.009227222822674047
0.02505150395137845 -0.006828070153872684
0.02504707029538744 -0.004433655991009644
0.02504688205601473 -0.0001882393727073439
0.02505503235472793 0.008150298713198445
0.02507356738387586 0.01853502914792721
0.02510410161882238 0.0305342349465193
0.02514842644768414 0.04432482886176578
0.02520690593616596 0.05847948848181767
0.02527932802303087 0.0724220868649067
0.02536481872130839 0.08549069827752317
0.02546187957895025 0.09706085764185982
0.02556849430325372 0.1066147243034693
0.02568221432464024 0.1137200213865187
0.02580028791498832 0.1180735903480792
0.02591992697641861 0.1196390614302927
0.02603867659421022 0.1187496177916109
0.02615477422010085 0.1160976258906231
0.02626736015510162 0.1125859350007696
0.02637643275606154 0.1090726009599224
0.02648256482928669 0.1061320732251569
0.02658662338448172 0.1040585551950225
0.0266895356943021 0.1029123098203848
0.02679209757076488 0.1025618764627749
0.0268948768449932 0.1027792742283214
0.02699814203901078 0.103265194017578
0.02710192602125335 0.1037839822425751
0.02720638109120966 0.1044550699563045
0.02731144083684576 0.105059745636106
0.02741695498853834 0.1055141516925762
0.02752268607198751 0.1057310834491759
0.02762831906416414 0.1056329921766269
0.02773375393346473 0.1054348693005913
0.02783886993256736 0.1051159991026229
0.02794330800072913 0.1044380681617767
0.02804690756191176 0.103599561182631
0.02814945811413272 0.1025505522209529
0.02825092396456747 0.1014658504347558
0.02835110456346515 0.1001805988976763
0.02844981084562707 0.09870628216191932
0.02854674825308566 0.0969374074585895
0.02864141101100962 0.09466275792396547
0.0287331324791715 0.09172146816188026
0.02882115892622221 0.08802644705070348
0.0289045637026516 0.0834047764293952
0.02898234095316599 0.07777725051439158
0.02905368610256999 0.07134514940399656
0.02911759727239896 0.06391116982897016
0.0291729357565595 0.05533848416053658
0.02921842349697056 0.04548774041106263
0.02925263446215345 0.03421096518289521
0.02927397704969805 0.02134258754460036
0.02928066112735414 0.006684077656089749
0.02927074817967515 -0.009912947678998585
0.02924241359447992 -0.02833458519522353
0.02919356100819807 -0.04885258628184799
0.02912186382559652 -0.07169718260155097
0.02902502125116561 -0.09684257443090885
0.02890077867648517 -0.1242425746804457
0.02874689076739219 -0.1538879090929764
0.02856133026084824 -0.1855605065439504
0.02834239697006541 -0.2189332907828363
0.02808872273833674 -0.2536742317286629
0.02781003657352535 -0.2786861648113904
0.02755268292413527 -0.2573536493900817
0.02731773150072404 -0.2349514234112338
0.02709759831312299 -0.2201331876010466
0.02688681288411276 -0.2107854290102316
0.02668163292510824 -0.2051799590045214
0.02647963875556139 -0.2019941695468493
0.02627948491084172 -0.2001538447196673
0.02608061605737046 -0.1988688534712603
0.02588326533076371 -0.1973507266067494
0.02570025243389132 -0.1830128968723921
0.02572016466369291 0.01991222980159482
0.02618023701828993 0.4600723545970207
0.02713752342298663 0.957286404696691
0.0284265610579101 1.289037634923478
0.02962836145116998 1.201800393259876
0.03045963379516357 0.831272343993595
0.0309635966348827 0.5039628397191243
0.03131220288711513 0.3486062522324307
0.03162143174271657 0.3092288556014455
0.03193696120782764 0.3155294651110696
0.03226923041562432 0.3322692077966788
0.03261324305740798 0.3440126417836586
0.03295669768451598 0.3434546271079975
0.03328565932166368 0.3289616371476983
0.03358606193209381 0.3004026104301352
0.03384489891857502 0.2588369864812076
0.03405146298379925 0.2065640652242351
0.03419838740627495 0.1469244224756999
0.03434955962088113 0.1511722146061781
0.03453105277482309 0.1814931539419612
0.03477353910933234 0.2424863345092468
0.03516401272583318 0.3904736165008388
0.03491175163383617 -0.2522610919970109
0.03234542439857947 -2.566327235256696
0.02878720123805172 -3.55822316052775
0.02575911913705005 -3.028082101001677
0.02349972341384703 -2.259395723203016
0.02158558874093117 -1.914134672915863
0.01963845853426226 -1.947130206668902
0.01826400690286214 -1.374451631400129
0.01697361554913674 -1.290391353725395
0.01616650671498152 -0.8071088341552214
0.01564971936706584 -0.5167873479156836
0.01507203980272085 -0.5776795643449868
0.01452733376879131 -0.5447060339295404
0.01416324667667774 -0.3640870921135693
0.01374211198414612 -0.4211346925316189
0.01354739835208216 -0.1947136320639593
0.01341254657086146 -0.134851781220701
0.0133239963920553 -0.08855017880616406
0.0133276733533604 0.003676961305104295
0.01335510636678862 0.02743301342822239
0.01347776817390474 0.1226618071161149
0.01364639386342438 0.1686256895196449
0.01377649018852459 0.1300963251002103
0.01409360282715767 0.3171126386330818
0.01422377507828515 0.1301722511274778
0.01442052732313338 0.1967522448482316
0.01459820888000412 0.177681556870736
0.01472314093789167 0.1249320578875553
0.01488292026113365 0.1597793232419719
0.01527653973440616 0.3936194732725127
0.01551159703226737 0.2350572978612065
0.01567570328608308 0.1641062538157174
0.01582161860939587 0.1459153233127862
0.01594228100037218 0.1206623909763109
0.01606246782700226 0.1201868266300817
0.01619320741911513 0.1307395921128635
0.01632901998701381 0.135812567898682
0.01645574737533036 0.1267273883165491
0.01655823237991692 0.1024850045865631
0.0166229934539823 0.06476107406538228
0.01665361959841994 0.03062614443764128
0.01661300692274289 -0.0406126756770514
0.01672344461352103 0.110437690778141
0.01679124332997949 0.06779871645845939
0.01681315820518205 0.02191487520255414
0.01693054166430222 0.1173834591201746
0.016950138461814 0.01959679751177557
0.01696110694555551 0.01096848374151568
0.01714081688348381 0.1797099379282976
0.01710536460771627 -0.03545227576753907
0.01727117589584152 0.1658112881252477
0.01729124515412847 0.02006925828694842
0.01730568179110256 0.01443663697409114
0.01731826209466916 0.01258030356659709
0.0173336112337168 0.01534913904764623
0.01747648458928359 0.142873355566786
0.01760811202518717 0.1316274359035828
0.01771083882782357 0.1027268026363957
0.01774384014539977 0.03300131757619923
0.01777149758557533 0.02765744017556304
0.0177647896867393 -0.00670789883602807
0.0155037307067175 -2.261058980021798
0.01544466633918735 -0.05906436753015144
0.01533891937781396 -0.1057469613733909
0.01516701483014452 -0.171904547669445
0.01493164900042105 -0.2353658297234683
0.01498594133279063 0.0542923323695807
0.0150842257622853 0.0982844294946765
0.01511119188917023 0.02696612688492597
0.01552031880517533 0.4091269160050992
0.01591558711830246 0.3952683131271343
0.01641145389065269 0.4958667723502265
0.01687827806053457 0.466824169881877
0.01737177825651754 0.4935001959829772
0.01789798675294925 0.526208496431705
0.01839752101265307 0.4995342597038203
0.01919861327658659 0.8010922639335241
0.02016172541705657 0.963112140469978
0.02106659212419056 0.904866707133991
0.02298367695806803 1.917084833877463
0.02594652339958765 2.962846441519624
0.02969509851807364 3.748575118485989
0.03378626083822269 4.091162320149052
0.0381361197162426 4.349858878019905
0.04310065348207254 4.964533765829948
0.04801951372487866 4.91886024280612
0.05287536811683966 4.855854391960998
0.05755667064142005 4.681302524580384
0.06198101734857268 4.424346707152631
0.06609308303426906 4.11206568569638
0.06985932413592302 3.766241101653967
0.07326360232448313 3.404278188560109
0.07630350521774751 3.039902893264376
0.07898712300781234 2.683617790064832
0.08133016886356739 2.343045855755052
0.08335338393798855 2.023215074421159
0.08508051996394768 1.727136025959128
0.08653672161503159 1.456201651083913
0.08774711127183732 1.210389656805727
0.08873600569304554 0.9888944212082251
0.08952679498674755 0.7907892937020072
0.09014098797410035 0.6141929873527963
0.09059867446700536 0.4576864929050073
0.09091786965635089 0.3191951893455336
0.09111487880797947 0.1970091516285827
0.09120407581822246 0.08919701024298621
0.09119799568460503 -0.006080133617428207
0.0911075994588515 -0.09039622575353345
0.09094244432506943 -0.1651551337820689
0.09071076951441945 -0.2316748106499789
0.09041957657881315 -0.2911929356062964
0.09007464968139045 -0.344926897422701
0.08968031706744115 -0.3943326139493053
0.0892396287240738 -0.4406883433673431
0.08875473359863577 -0.484895125438034
0.0882271123816082 -0.5276212170275685
0.0876576501593536 -0.5694622222545964
0.08704669978222186 -0.6109503771317415
0.08639406357341589 -0.6526362088059706
0.08569903247712085 -0.6950310962950401
0.08496038665733306 -0.7386458197877893
0.08417641068523654 -0.7839759720965206
0.08334490063978295 -0.8315100454535929
0.08246317087480944 -0.8817297649735129
0.08153480390253066 -0.9283669722787713
0.08061803297426813 -0.9167709282625336
0.07975598913171257 -0.8620438425555599
0.07894038916606029 -0.8155999656522805
0.07815047888047939 -0.789910285580897
0.0773726051086927 -0.7778737717866885
0.07661746489149417 -0.7551402171985383
0.07587680965499649 -0.7406552364976754
0.07513771157684077 -0.7390980781557255
0.07439002246713632 -0.7476891097044497
0.0736257530125112 -0.7642694546251133
0.07283862378232908 -0.7871292301821209
0.07202372013559145 -0.8149036467376275
0.07117722378375987 -0.8464963518315799
0.07029622878327826 -0.8809950004816103
0.06937862661889928 -0.9176021643789861
0.06842298138492529 -0.955645233973984
0.0674284110149671 -0.9945703699581893
0.06639447012166375 -1.033940893303359
0.06532100450956189 -1.073465612101851
0.06420813967897156 -1.112864830590338
0.06305635052463059 -1.151789154340971
0.06186651456963504 -1.189835954995541
0.06063991804873037 -1.22659652090467
0.05937825020720877 -1.261667841521603
0.05808363371850011 -1.294616488708662
0.05675864051252006 -1.324993205980049
0.05540629316550126 -1.352347347018799
0.05403005375833098 -1.376239407170278
0.05263380137505218 -1.396252383278805
0.05122180491686369 -1.411996458188486
0.04979870353326729 -1.423101383596401
0.0483694922258496 -1.429211307417688
0.04693947034995076 -1.430021875898843
0.04551423457040295 -1.425235779547812
0.04409965958068754 -1.414574989715409
0.04270203007666447 -1.397629504023071
0.04132788163725384 -1.374148439410632
0.03998386140696823 -1.344020230285604
0.03867654552989203 -1.3073158770762
0.03741261698714732 -1.263928542744715
0.03619865164600549 -1.213965341141827
0.0350411886495454 -1.157462996460093
0.03393916624341659 -1.102022406128805
0.032882454355004 -1.056711888412595
0.03186162400497813 -1.02083035002587
0.03087204129612372 -0.9895827088544085
0.02991126517640033 -0.9607761197233874
0.02897545678753552 -0.9358083888648082
0.02806231267504874 -0.913144112486785
0.0271701096999479 -0.892202975100842
0.02629799218665294 -0.8721175132949572
0.02544560468634008 -0.8523875003128567
0.02461265323262352 -0.8329514537165628
0.02379869281764305 -0.8139604149804726
0.023003173433638 -0.795519384005048
0.02222541463884777 -0.7777587947902336
0.02146460073178682 -0.7608139070609498
0.02071978815462757 -0.7448125771592414
0.01998995905749516 -0.7298290971324111
0.01927409768261863 -0.7158613748765342
0.018570973003393 -0.70312467922563
0.01787982650105352 -0.6911465023394757
0.01720016951984323 -0.6796569812102977
0.01653119090749543 -0.6689786123477947
0.01587165776564966 -0.6595331418457716
0.01522123043656541 -0.6504273290842479
0.0145788741744749 -0.6423562620905109
0.013944684179187 -0.6341899952879028
0.0133182540666869 -0.6264301125000967
0.0126997905234352 -0.6184635432517037
0.01208968752645236 -0.6101029969828378
0.01148838480325829 -0.6013027231940739
0.01089637394276484 -0.5920108604934495
0.01031416156463136 -0.582212378133478
0.009741981972415067 -0.5721795922162907
0.009180794740725313 -0.5611872316897536
0.008631710399673882 -0.5490843410514319
0.008095781669601145 -0.5359287300727363
0.007573914791787257 -0.5218668778138877
0.007066853951871436 -0.5070608399158211
0.006575201888072681 -0.4916520637987558
0.006346357361167303 -0.2288445269053776
0.006680023373083341 0.3336660119160383
0.007496211861870427 0.8161884887870853
0.009002721509508982 1.506509647638555
0.01110832290876549 2.105601399256512
0.0128849088790025 1.776585970237006
0.01410575809678601 1.220849217783508
0.01492237521868561 0.8166171218996019
0.01566778627357408 0.7454110548884667
0.01634324527081943 0.6754589972453491
0.01677857013023614 0.4353248594167157
0.01715714915629785 0.3785790260617087
0.0172526815928135 0.09553243651564541
0.01736041840506383 0.1077368122503336
0.01745303880666557 0.09262040160174304
0.01750858507295622 0.05554626629064932
0.01749757026227257 -0.01101481068364885
0.01739245750723098 -0.1051127550415962
0.01754036933751579 0.08665116226929531
0.0177148012110086 0.1744318734928085
0.01776263330146716 -0.01276240532310444
0.01760226816808234 -0.1603651333848162
0 0
0 0
0 0
0 0
0 0
0 0
0 0
0 0
0 0
0 0
0 0
0 0
0 0
0 0
0 0
0 0
0 0
0 0
0 0
0 0
0 0
0 0
0 0
0 0
0 0
0 0
0 0
0 0
0 0
0 0
0 0
0 0
0 0
0 0
0 0
0 0
0 0
0 0
0 0
