0.05532209549817679 55.32209549817679
0.05154732878319096 -3.774766714985826
0.04190447499942168 -9.642853783769278
0.03353440689802832 -8.370068101393359
0.02674069831334688 -6.793708584681437
0.02145003893722452 -5.290659376122365
0.0174068624631482 -4.043176474076315
0.01431901385899131 -3.087848604156892
0.01192963071377501 -2.389383145216297
0.01003972524634242 -1.889905467432588
0.008509111757301947 -1.530613489040478
0.007248015657603262 -1.261096099698685
0.006204301722196945 -1.043713935406317
0.005361091889004591 -0.8432098331923547
0.004961606675292642 -0.3994852137119481
0.00752259214225685 2.560985466964208
0.0124396236238065 4.917031481549653
0.01783180873687248 5.392185113065981
0.02398072491436369 6.148916177491203
0.03042800938744838 6.447284473084694
0.0361176853561198 5.689675968671415
0.04029888818128481 4.181202825165014
0.04280251384854553 2.503625667260714
0.04394434799576026 1.141834147214735
0.04429155438694173 0.3472063911814649
0.0444222208799471 0.1306664930053741
0.04478939857408282 0.3671776941357244
0.04566872642574643 0.8793278516636068
0.04717534694024575 1.506620514499318
0.04931937675710373 2.144029816857976
0.05206187618217013 2.742499425066408
0.05542123860456032 3.35936242239019
0.05938056627201595 3.959327667455624
0.06382133892018776 4.440772648171817
0.0685963187919172 4.774979871729437
0.07353034181690984 4.934023024992642
0.07840545290535939 4.875111088449541
0.08296640828638176 4.560955381022372
0.08698690737523039 4.020499088848633
0.09039354974977351 3.40664237454312
0.09330453656751145 2.910986817737937
0.09591446489143582 2.609928323924371
0.0983594604779921 2.444995586556281
0.1007081330548932 2.348672576901092
0.1029965989572985 2.288465902405348
0.1052331248266636 2.236525869365014
0.107402237745049 2.169112918385494
0.1094755758041125 2.07333805906347
0.1114132852481745 1.93770944406195
0.1131783176980651 1.76503244989061
0.1147521909815298 1.5738732834647
0.1161406837979506 1.388492816420797
0.1173739055879592 1.233221790008579
0.1184981623008399 1.124256712880786
0.1195660648136028 1.067902512762814
0.1206328119039847 1.066747090381945
0.1217537151065906 1.120903202605855
0.1229815239564059 1.22780884981534
0.124364075493651 1.382551537245147
0.1259412444755453 1.577168981894236
0.1277427398683744 1.801495392829144
0.1297868271151298 2.044087246755338
0.1320798782016776 2.29305108654787
0.1346166470358729 2.536768834195319
0.1373816297626675 2.76498272679454
0.1403539773515881 2.972347588920565
0.1435170571119074 3.163079760319376
0.1468621728707878 3.345115758880357
0.1503842284503639 3.522055579576078
0.1540742887133932 3.690060263029288
0.1579140794959876 3.839790782594471
0.1618746591739192 3.960579677931564
0.1659182433066231 4.043584132703892
0.1700018413684236 4.083598061800475
0.1740811055068537 4.0792641384301
0.178113622724021 4.03251721716738
0.1820622617205304 3.948638996509379
0.1858991305090289 3.83686878849851
0.1896073288000721 3.708198291043185
0.1931808108473525 3.573482047280391
0.1966224215772611 3.441610729908617
0.199941336030667 3.318914453405875
0.2031502133291574 3.208877298490425
0.2062623133450735 3.112100015916108
0.2092903451749365 3.028031829862998
0.212248473865643 2.958128690706441
0.215149409834692 2.900935969049057
0.2180003752653764 2.850965430684388
0.2208047557661718 2.8043805007954
0.223564122335553 2.759366569381194
0.2262948800301074 2.730757694554387
0.2290395535682864 2.744673538178977
0.2318199348495486 2.780381281262262
0.234630829952194 2.810895102645344
0.237464690773947 2.833860821752992
0.2403148956069791 2.850204833032166
0.2431701770454369 2.855281438457813
0.2460212033412415 2.851026295804582
0.2488634290300158 2.842225688774263
0.2516977736810934 2.834344651077569
0.2545300604759091 2.83228679481573
0.2573697969386586 2.839736462749487
0.2602293110564903 2.859514117831752
0.2631225135034702 2.893202446979826
0.2660632981795774 2.9407846761072
0.2690639349017726 3.000636722195249
0.2721356865785708 3.07175167679824
0.2752876670274946 3.15198044892373
0.2785268236264538 3.239156598959236
0.2818576505062551 3.330826879801296
0.2852822173391184 3.424566832863296
0.2887997899988477 3.517572659729296
0.2924053873260273 3.605597327179633
0.2960899539885344 3.684566662507105
0.2998386654153944 3.748711426859952
0.303629602520915 3.790937105520586
0.3074405826220046 3.810980101089601
0.3112539145213866 3.813331899382044
0.315059795629822 3.805881108435383
0.3188481595036958 3.788363873873823
0.3226125113209969 3.764351817301115
0.3263441032857408 3.731591964743819
0.3300345325492294 3.690429263488615
0.3336766286021589 3.642096052929533
0.3372601897345426 3.583561132383672
0.3407774214610884 3.517231726545778
0.344220593196453 3.443171735364681
0.3475815546025636 3.360961406110585
0.3508523631549345 3.270808552370885
0.354025742672766 3.173379517831476
0.357095153779329 3.069411106563058
0.3600551769834084 2.960023204079343
0.3629017777668449 2.846600783436515
0.3656323110989028 2.730533332057861
0.3682449576676768 2.612646568774024
0.3707380528014015 2.493095133724754
0.3731098848657603 2.371832064358759
0.3753588523779085 2.248967512148203
0.3774836009451314 2.124748567222889
0.3794829342501964 1.999333305064965
0.3813557123151996 1.872778065003244
0.3831008909367318 1.745178621532173
0.3847176160855437 1.616725148811893
0.3862052403305887 1.487624245045061
0.387563331778386 1.358091447797249
0.3887917726725551 1.228440894169125
0.3898908742923732 1.099101619818077
0.3908615304554232 0.9706561630499766
0.3917053020157561 0.8437715603329399
0.3924242652067352 0.7189631909791383
0.3930207851879285 0.5965199811933108
0.3934972505345224 0.4764653465939017
0.393855916390344 0.3586658558215605
0.3940988608350562 0.2429444447121787
0.3942280573076134 0.1291964725572137
0.3942454792573558 0.01742194974241329
0.3941531714588566 -0.09230779849916937
0.3939531151805054 -0.200056278351235
0.3936470487801115 -0.3060664003938784
0.3932366079635323 -0.4104408165792606
0.3927234542342093 -0.5131537293229793
0.3921094385783138 -0.6140156558955279
0.3913968022288412 -0.7126363494725507
0.3905880553055313 -0.8087469233098998
0.389686422800461 -0.9016325050703045
0.3886988179857079 -0.9876048147530736
0.3876394329927882 -1.059384992919743
0.3865388990317025 -1.100533961085726
0.3854073562602994 -1.131542771403038
0.3842456331242196 -1.161723136079817
0.3830538839902068 -1.191749134012765
0.3818323666867081 -1.221517303498787
0.3805819291929253 -1.25043749378273
0.3793032557208267 -1.27867347209859
0.3779965784260652 -1.306677294761582
0.3766624811633248 -1.334097262740364
0.3753016426723637 -1.360838490961136
0.3739149737206646 -1.386668951699033
0.3725041518595474 -1.410821861117184
0.3710716813794663 -1.432470480081161
0.3696207035962619 -1.45097778320441
0.3681548039996007 -1.465899596661213
0.3666778082923196 -1.476995707281104
0.3651936526980265 -1.484155594293046
0.3637063444894937 -1.487308208532767
0.3622199630581242 -1.486381431369532
0.3607386937731062 -1.481269285018016
0.359266875648752 -1.471818124354207
0.3578090158541386 -1.457859794613381
0.3563698462432353 -1.43916961090329
0.3549544456598156 -1.415400583419713
0.3535676711629821 -1.386774496833498
0.3522145308802033 -1.353140282778775
0.3509005655635509 -1.313965316652399
0.3496315933251494 -1.2689722384015
0.3484130284088405 -1.218564916308895
0.3472504184880475 -1.162609920793034
0.3461488806748052 -1.101537813242293
0.345113233919383 -1.03564675542217
0.34414735597157 -0.9658779478130541
0.3432549304258468 -0.8924255457232189
0.3424392318104283 -0.8156986154184143
0.3417031589284172 -0.7360728820111628
0.3410492742671637 -0.6538846612534899
0.3404796505189685 -0.5696237481951916
0.3399957073046051 -0.4839432143634026
0.3395981900872387 -0.397517217366361
0.3392872189961031 -0.3109710911355923
0.3390623102469525 -0.2249087491505986
0.3389223844289316 -0.139925818020914
0.3388599644255826 -0.06242000334905073
0.4397780241143 100.9180596887174
0.439778159226902 0.0001351126019955018
0.4397103600400504 -0.06779918685162478
0.4395009659749229 -0.2093940651274329
0.4390814116358123 -0.4195543391106726
0.4383921856978728 -0.6892259379394639
0.4374103316962467 -0.9818540016261479
0.4361969450920636 -1.213386604183075
0.434820742742735 -1.376202349328559
0.4333027488843345 -1.517993858400513
0.4316408912719472 -1.661857612387352
0.429827082097977 -1.813809173970116
0.4278562816460995 -1.97080045187753
0.4257147566494446 -2.141524996654876
0.4233783775278533 -2.336379121591348
0.4208489493139682 -2.529428213885132
0.4181199925913307 -2.728956722637454
0.4151770491341693 -2.942943457161395
0.4205916300782585 5.414580944089198
0.4074507426068616 -22.76873102484295
0.4029498575902911 -4.500885016570533
0.3976584483310261 -5.291409259265023
0.391437984963315 -6.220463367711093
0.3841487481936534 -7.289236769661589
0.3756794594269754 -8.469288766677963
0.3659580641947278 -9.721395232247632
0.3549400454177972 -11.01801877693065
0.3426231325806191 -12.31691283717806
0.3290651387353791 -13.55799384524003
0.3143852212706815 -14.6799174646976
0.298762788781343 -15.62243248933848
0.2824145150515259 -16.34827372981706
0.2654980271516731 -16.91648789985278
0.2480136291851848 -17.48439796648832
0.2300237018950536 -17.98992729013118
0.2117614834044472 -18.26221849060647
0.1935412628401566 -18.2202205642906
0.1756866072657849 -17.85465557437163
0.1584718290768598 -17.21477818892514
0.1421007784135828 -16.37105066327699
0.1267036109991724 -15.39716741441044
0.1123460178052673 -14.35759319390512
0.09906381795774034 -13.28219984752692
0.08686304659615209 -12.20077136158826
0.07572621750955932 -11.13682908659276
0.06561716530369875 -10.10905220586057
0.05648969535688878 -9.12746994680997
0.0482927987472949 -8.196896609593876
0.04097161688917265 -7.321181858122257
0.03446986580498632 -6.501751084186331
0.02873174026516537 -5.738125539820942
0.0237030191284575 -5.028721136707874
0.01933173900035942 -4.371280128098082
0.01556713357238789 -3.76460542797153
0.01233109383628618 -3.236039736101712
0.009471391399092909 -2.859702437193266
0.006812613112398842 -2.658778286694067
0.004451527844736585 -2.361085267662257
0.002618265430838718 -1.833262413897867
0.001489870332870143 -1.128395097968575
0.00104410656562966 -0.445763767240483
0.0009832534814050277 -0.06085308422463208
0.001118957987155039 0.1357045057500117
0.001304109594830387 0.1851516076753479
0.001448045147144909 0.1439355523145213
0.001510279521206744 0.06223437406183509
0.001365001495211503 -0.1452780259952411
0.0009766698531243627 -0.3883316420871399
0.0004747878743856447 -0.5018819787387179
0.0001181198952972817 -0.356667979088363
3.79908439301869e-07 -0.1177399868579798
0 -0.000379908439301869
0 0
0 0
0 0
0 0
0 0
0 0
0 0
0 0
0 0
0 0
0 0
0 0
0 0
0 0
0 0
0 0
0 0
0 0
0 0
0 0
0 0
0 0
0 0
0 0
0 0
0 0
0 0
0 0
0 0
0 0
0 0
0 0
0 0
0 0
0 0
0 0
0 0
0 0
0 0
0 0
0 0
0 0
0 0
0 0
0 0
0 0
0 0
0 0
0 0
0 0
0 0
0 0
0 0
0 0
0 0
0 0
0 0
0 0
0 0
0 0
0 0
0 0
0 0
0 0
0 0
0 0
0 0
0 0
0 0
0 0
0 0
0 0
0 0
0 0
0 0
0 0
0 0
0 0
0 0
0 0
0 0
0 0
0 0
0 0
0 0
0 0
0 0
0 0
0 0
0 0
0 0
0 0
0 0
0 0
0 0
0 0
0 0
0 0
0 0
0 0
0 0
0 0
0 0
0 0
0 0
0 0
0 0
0 0
0 0
0 0
0 0
0 0
0 0
0 0
0 0
0 0
0 0
0 0
0 0
8.498031418775165e-05 0.08498031418775165
0.0005746490696706648 0.4896687554829132
0.001473904781349158 0.8992557116784931
0.00242030291052645 0.9463981291772923
0.003270763698910632 0.850460788384182
0.004015985583863939 0.7452218849533063
0.004941304794085963 0.9253192102220247
0.005926362351556601 0.9850575574706375
0.006964035051859991 1.037672700303391
0.008100562567843 1.136527515983009
0.009375004844887668 1.274442277044667
0.01079716703673788 1.422162191850209
0.01237672987178081 1.579562835042937
0.01413427427137202 1.757544399591207
0.01609431151035715 1.960037238985131
0.01825618825437659 2.161876744019436
0.02060323711300147 2.347048858624877
0.02309616554700333 2.492928434001867
0.0257063597307447 2.610194183741369
0.02841431356746951 2.707953836724803
0.03120213260459934 2.787819037129831
0.03404868510679724 2.846552502197903
0.03692987163793002 2.881186531132784
0.03981781447239993 2.887942834469907
0.04268051927560711 2.862704803207182
0.04548381940287459 2.803300127267476
0.04819460211513091 2.710782712256318
0.05078378582708513 2.589183711954226
0.05322722517283777 2.443439345752633
0.05550564233826543 2.278417165427662
0.05760354378217085 2.097901443905418
0.05950787616152542 1.90433237935457
0.06120787097164795 1.699994810122528
0.06269564591166776 1.487774940019816
0.06396725501244838 1.271609100780613
0.06502570606700345 1.058451054555071
0.06589544158666774 0.8697355196642942
0.06649826577841557 0.6028241917478278
0.06690686549628452 0.4085997178689543
0.06715910714591494 0.2522416496304192
0.06728636707883245 0.1272599329175117
0.06729361603502464 0.007248956192182354
0.06716651356961588 -0.1271024654087571
0.0662098247946704 -0.95668877494548
0.06353926977063964 -2.670555024030755
0.05864423824962318 -4.895031521016461
0.05199429070863075 -6.649947540992435
0.04504811562049461 -6.946175088136136
0.03696721551112299 -8.080900109371624
0.03542133606834277 -1.545879442780222
0.03625269849706108 0.831362428718313
0.03969035819173905 3.43765969467797
0.0453259093815993 5.635551189860248
0.0523872707573844 7.061361375785107
0.06135297818590048 8.965707428516072
0.0587985189957381 0.3030224590620731
0.05456887800426812 -0.07754210374694148
0.05404773863417507 -0.5211393700930502
0.05208679641345161 -1.960942220723461
0.05229966365701605 0.1839406266667745
0.05247372025197429 0.1740565949582412
0.05256310549587936 0.08938524390507407
0.05258543175170916 0.02232625582979098
0.05255162683451621 -0.03380491719294498
0.05235661028197125 -0.1950165525449604
0.05192321049711465 -0.4333997848565974
0.05116421051071257 -0.7589999864020813
0.04974145762999425 -1.422752880718317
0.04720905651653134 -2.532401113462909
0.04448792245128792 -2.721134065243422
0.04133354118608169 -3.154381265206236
0.03819152285440542 -3.142018331676266
0.0368574405042674 -1.334082350138023
0.03718684460468298 0.329404100415584
0.03804200442217558 0.8551598174926025
0.03806401097934813 0.02200655717254918
0.0364602863922315 -1.603724587116634
0.03426743784405513 -2.19284854817637
0.03290624835897898 -1.361189485076152
0.0339606476342923 1.054399275313325
0.03641716958639794 2.456521952105633
0.03757501495337294 1.157845366975004
0 0
0 0
0 0
0 0
0 0
0 0
0 0
0 0
0 0
0 0
0 0
0 0
0 0
0 0
0 0
0 0
