0.05781208739700555 57.81208739700555
0.05318062192162736 -4.63146547537819
0.04314015507518439 -10.04046684644297
0.03375026830067466 -9.389886774509733
0.02597628932394882 -7.773978976725839
0.02032489043926333 -5.651398884685493
0.01632348101963151 -4.001409419631813
0.01346215142308364 -2.861329596547876
0.0113812739892947 -2.08087743378894
0.00984932983546212 -1.531944153832576
0.008748929301509736 -1.100400533952384
0.007986335269568632 -0.7625940319411044
0.007476359817564849 -0.5099754520037827
0.007535631259758376 0.05927144219352708
0.008384788732900415 0.8491574731420383
0.0122095267751267 3.82473804222629
0.0169908457290731 4.781318953946397
0.02227960601746253 5.288760288389427
0.02850066525129552 6.221059233832992
0.03463381844231975 6.133153191024227
0.03960588410097302 4.972065658653269
0.04287993992629756 3.274055825324543
0.0445091426860013 1.629202759703741
0.0449533429708293 0.4442002848280002
0.04482654409304054 -0.1267988777887627
0.04467325976953107 -0.1532843235094658
0.04486964140570134 0.1963816361702647
0.04563085912654454 0.761217720843206
0.04699823984856156 1.367380722017017
0.04894820519333641 1.949965344774852
0.05143045533085201 2.482250137515601
0.05442643919067809 2.995983859826079
0.05794260055649555 3.516161365817463
0.06190891056024119 3.966310003745636
0.06622109966997081 4.312189109729615
0.07075707401992874 4.535974349957936
0.07536732054601455 4.610246526085812
0.07987067187758944 4.503351331574882
0.08408639991474613 4.215728037156696
0.08787936387646761 3.792963961721477
0.0911358558408685 3.256491964400893
0.09406173646547253 2.925880624604027
0.09686096531679762 2.799228851325095
0.0995519390928869 2.690973776089276
0.1021171901716292 2.565251078742281
0.1045408679247541 2.423677753124909
0.1068256712232252 2.284803298471111
0.1089798399741991 2.154168750973878
0.1110177186073301 2.037878633131054
0.1129485474816872 1.930828874357068
0.114761907548202 1.813360066514835
0.116440328636774 1.678421088571955
0.1179761493177629 1.535820680988883
0.1193810417956644 1.404892477901543
0.1206870662697895 1.306024474125048
0.1219420085027392 1.254942232949779
0.1232010307541276 1.259022251388325
0.1245206448695105 1.319614115382964
0.1259540545703295 1.433409700818955
0.1275495080779372 1.595453507607758
0.1293481992209199 1.798691142982617
0.1313801202455087 2.031921024588879
0.1336592217117326 2.279101466223898
0.1361859348624351 2.526713150702436
0.1389514692936551 2.765534431220046
0.1419459117376859 2.994442444030743
0.1451665074729395 3.220595735253656
0.1486175928149512 3.451085342011634
0.152299526667893 3.681933852941854
0.1562029936286359 3.903466960742841
0.1603063880657523 4.103394437116492
0.1645762325370015 4.269844471249173
0.1689696252552069 4.393392718205408
0.1734330942798851 4.463469024678202
0.1779074830009466 4.474388721061484
0.1823342523452377 4.426769344291093
0.1866529298786141 4.31867753337642
0.1908133793564899 4.160449477875749
0.1947874201702213 3.9740408137314
0.1985723027848755 3.784882614654261
0.2021863048545968 3.614002069721317
0.2056601700961985 3.473865241601648
0.2090267894557854 3.366619359586875
0.2123157996879984 3.28901023221298
0.2155505192586701 3.234719570671785
0.2187486110017908 3.19809174312069
0.2219244365832713 3.175825581480496
0.2250866849187652 3.162248335493861
0.2282384228315222 3.151737912756996
0.231384769516279 3.146346684756773
0.2345276576984924 3.142888182213421
0.2376822116352597 3.154553936767279
0.2408758513045694 3.193639669309745
0.2441091531478298 3.2333018432604
0.2473639861179348 3.254832970104982
0.2506173732330088 3.25338711507403
0.2538493505312477 3.231977298238875
0.2570469676892611 3.197617158013366
0.2602047540146075 3.157786325346468
0.2633240939540437 3.119339939436139
0.2664117006681429 3.087606714099245
0.2694782249180271 3.066524249884239
0.2725370452102598 3.0588202922327
0.2756030468701778 3.066001659917938
0.2786910919569112 3.088045086733437
0.2818153624022806 3.124270445369337
0.2849885535013905 3.173191099109962
0.2882217684644657 3.233214963075159
0.2915241287341225 3.302360269656801
0.2949025219180806 3.378393183958106
0.2983618811110007 3.45935919292012
0.3019049645028746 3.543083391873869
0.3055315029753857 3.626538472511154
0.3092389751871263 3.707472211740559
0.3130194290594003 3.780453872274048
0.316859264074853 3.839835015452653
0.3207404568262217 3.881192751368667
0.3246470812464222 3.906624420200511
0.328569693390091 3.922612143668791
0.3325039453728918 3.93425198280084
0.3364456697844853 3.941724411593517
0.3403894202622466 3.943750477761299
0.3443306563050075 3.941236042760921
0.3482591053961198 3.928449091112229
0.3521587018504275 3.899596454307708
0.3560171277748697 3.858425924442188
0.3598241999198016 3.807072144931922
0.3635693896170217 3.745189697220097
0.3672415638769568 3.672174259935157
0.3708316398023229 3.590075925366087
0.3743314501052476 3.499810302924677
0.3777342591429003 3.402809037652665
0.3810354977322028 3.301238589302535
0.3842318614204509 3.196363688248105
0.3873208658565305 3.089004436079623
0.3903013254675425 2.980459611011954
0.393170270426664 2.868944959121489
0.3959253499886492 2.75507956198523
0.3985648478606728 2.639497872023611
0.4010872762055421 2.522428344869265
0.403491554973555 2.404278768012913
0.4057796375410797 2.288082567524719
0.4079499410988882 2.170303557808451
0.4099978838247035 2.047942725815322
0.4119176232684756 1.919739443772162
0.4137036214495984 1.785998181122739
0.4153516819897013 1.648060540102969
0.4168592212413341 1.507539251632772
0.418225199614688 1.365978373353893
0.4194498225613797 1.224622946691734
0.4205339522700456 1.084129708665837
0.4214785805053138 0.9446282352682522
0.4222846106453678 0.8060301400539815
0.4229528750774991 0.6682644321313047
0.4234842021291751 0.5313270516759672
0.4238795564248473 0.3953542956721678
0.4241462651057733 0.2667086809260422
0.4242996495339782 0.1533844282048946
0.4243417300769738 0.04208054299564834
0.4242737845992003 -0.06794547777355664
0.4240975146108719 -0.1762699883283703
0.4238150364853832 -0.2824781254887609
0.4234288108355699 -0.3862256498132211
0.422941477953277 -0.4873328822929124
0.4223554516112218 -0.5860263420552347
0.4216729306291258 -0.6825209820960354
0.4209004076054305 -0.7725230236952374
0.4200533965878102 -0.8470110176203027
0.4191442378075413 -0.909158780268926
0.4181766753218785 -0.9675624856627651
0.4171547809993857 -1.021894322492778
0.4160818232463289 -1.072957753056825
0.4149590027105572 -1.122820535771729
0.4137876685793359 -1.171334131221335
0.4125691325806072 -1.21853599872862
0.4113048886383446 -1.264243942262655
0.4099969878631162 -1.30790077522841
0.4086487595922733 -1.348228270842911
0.4072634082950218 -1.38535129725148
0.4058445893452343 -1.418818949787515
0.4043966628026086 -1.44792654262571
0.4029245602959198 -1.472102506688777
0.4014341161865628 -1.490444109357003
0.3999320600068067 -1.502056179756073
0.3984252670853434 -1.506792921463274
0.3969206727254511 -1.504594359892308
0.3954251856402879 -1.495487085163227
0.3939457546200796 -1.479431020208255
0.3924893198619667 -1.456434758112968
0.3910628590094868 -1.426460852479827
0.3896734995446632 -1.389359464823658
0.388328216558582 -1.345282986081164
0.387033981869945 -1.294234688637041
0.3857979614396089 -1.236020430336104
0.3846275720593493 -1.170389380259595
0.3835299897795781 -1.097582279771192
0.3825123119904028 -1.017677789175275
0.3815810999483619 -0.9312120420408854
0.3807421524332665 -0.8389475150954451
0.3800006345501879 -0.7415178830785796
0.37936096899023 -0.6396655599579248
0.3788267771144841 -0.5341918757458819
0.3784006322162756 -0.4261448982085247
0.3780842301653209 -0.3164020509546228
0.3778788530254159 -0.2053771399050386
0.3777854321296197 -0.0934208957962257
0.3778044360781697 0.01900394854997822
0.3779357552649291 0.1313191867594043
0.3781786757617518 0.2429204968227294
0.3785318005422188 0.3531247804670068
0.3789904990707807 0.4586985285618961
0.3795383799133726 0.5478808425919413
0.3801667553386224 0.6283754252497387
0.3808329095181344 0.6661541795120463
0.3814599867981885 0.6270772800541224
0.381983510068006 0.5235232698174164
0.382338104985184 0.3545949171780416
0.3824756084984092 0.1375035132252234
0.3823868161642675 -0.08879233414177401
0.3821010150672517 -0.2858010970157032
0.381668473552375 -0.4325415148767608
0.3811466491240376 -0.5218244283374252
0.3805916920250293 -0.5549570990082131
0.3800532004069981 -0.5384916180312671
0.3795718678384052 -0.481332568592896
0.3791783742617118 -0.3934935766933823
0.3788944263398014 -0.2839479219104435
0.3787331658319875 -0.1612605078138984
0.3786998733215234 -0.03329251046402248
0.3786603610366491 -0.03951228487431013
0.3783792497117114 -0.2811113249376884
0.3776948058440077 -0.6844438677037212
0.3764641937906186 -1.230612053389146
0.3745224008944947 -1.94179289612384
0.3717124243685654 -2.809976525929347
0.3679076880303924 -3.804736338172965
0.3630130520126011 -4.894636017791331
0.3569595314672133 -6.053520545387769
0.3497220883587298 -7.237443108483565
0.3413362394554042 -8.385848903325554
0.3319005551379701 -9.435684317434079
0.3215617483100944 -10.33880682787569
0.3105257561003898 -11.03599220970464
0.2989353025996041 -11.59045350078569
0.2867773796437337 -12.15792295587043
0.274124405065265 -12.65297457846865
0.2611621430566879 -12.96226200857708
0.248156579187227 -13.00556386946097
0.2353743317732261 -12.78224741400083
0.2230563410794472 -12.3179906937789
0.2113837096518776 -11.67263142756966
0.2004780638674993 -10.90564578437828
0.1904087419702568 -10.06932189724247
0.1812032957833583 -9.205446186898502
0.1728584374397109 -8.344858343647427
0.1653470321230725 -7.511405316638436
0.1586235082 -6.72352392307246
0.1526315240838131 -5.991984116186871
0.1473096639155521 -5.321860168261083
0.1425969441735443 -4.712719742007764
0.1384396051305045 -4.157339043039776
0.1347926221264579 -3.646983004046644
0.1316176124547554 -3.17500967170245
0.1288805588800673 -2.73705357468812
0.1265503364911197 -2.330222388947589
0.1245958396094071 -1.95449688171262
0.1228961709777256 -1.699668631681486
0.1212906204806548 -1.605550497070826
0.1198183714541412 -1.47224902651355
0.1187281332118934 -1.090238242247868
0.1182027076130092 -0.5254255988841189
0.1181901815490199 -0.01252606398931266
0.1185412030977275 0.3510215487075585
0.1191101497018111 0.5689466040835894
0.1197557706082201 0.6456209064090584
0.1203760161015305 0.6202454933103979
0.1209204371990675 0.5444210975369956
0.1211969058509363 0.2764686518687831
0.1211623090053468 -0.03459684558947129
0.1210917691031454 -0.07053990220140527
0.1212915785300132 0.1998094268677725
0.121628381393832 0.3368028638188331
0.1219365921989395 0.3082108051074423
0.122217217940166 0.2806257412264895
0.1224832032212472 0.2659852810812102
0.1227329159647231 0.2497127434758772
0.1229569187175867 0.2240027528636473
0.1231538721381904 0.1969534206036488
0.1233241578147902 0.170285676599824
0.1234688716148851 0.1447138000948978
0.1235941702855964 0.1252986707113574
0.1237007286050565 0.1065583194601039
0.1237867772844016 0.08604867934507154
0.1238491778088114 0.06240052440982524
0 -123.8491778088114
0 0
0 0
0 0
0 0
0 0
0 0
0 0
0 0
0 0
0 0
0 0
0 0
0 0
0 0
0 0
0 0
0 0
0 0
0 0
0 0
0 0
0 0
0 0
0 0
0 0
0 0
0 0
0 0
0 0
0 0
0 0
0 0
0 0
0 0
0 0
0 0
0 0
0 0
0 0
0 0
0 0
0 0
0 0
0 0
0 0
0 0
0 0
0 0
0 0
0 0
0 0
0 0
0 0
0 0
0 0
0 0
0 0
0 0
0 0
0 0
0 0
0 0
0 0
0 0
0 0
0 0
0 0
0 0
0 0
0 0
0 0
0 0
0 0
0 0
0 0
0 0
0 0
0 0
0 0
0 0
0 0
0 0
0 0
0 0
0 0
0 0
0 0
0 0
0 0
0 0
0 0
0 0
0 0
0 0
0 0
0 0
0 0
0 0
0 0
0 0
0 0
0 0
0 0
0 0
0 0
0 0
0 0
8.516388658149558e-05 0.08516388658149558
0.0007533946893086427 0.6682308027271471
0.00188492691741611 1.131532228107467
0.002811448865847873 0.9265219484317633
0.003457184967423349 0.6457361015754759
0.004258923069467006 0.8017381020436571
0.005285683539043402 1.026760469576396
0.006330825401512972 1.04514186246957
0.007438443742448889 1.107618340935917
0.008666547203916779 1.22810346146789
0.01004107409513505 1.374526891218275
0.01157801707321301 1.536942978077958
0.01328775056851267 1.70973349529966
0.01519214357968011 1.904393011167436
0.01732931183455225 2.137168254872141
0.01967761513283207 2.348303298279817
0.02219710425684378 2.51948912401171
0.02486073189792315 2.663627641079372
0.02765125230885669 2.790520410933545
0.03055488561700805 2.903633308151354
0.03356127905428743 3.006393437279379
0.03664019354453793 3.078914490250502
0.0397587189075273 3.118525362989371
0.04288230224973295 3.123583342205652
0.04597482960551402 3.092527355781069
0.04899937172856768 3.024542123053656
0.05192186154896987 2.922489820402191
0.05471295194133524 2.791090392365372
0.05734687144506749 2.633919503732249
0.05980004406065166 2.45317261558417
0.06205149905293532 2.251454992283658
0.06408366261331663 2.032163560381314
0.06588362587220137 1.799963258884735
0.06744372292741507 1.560097055213705
0.06876202525728375 1.318302329868681
0.06984288461945151 1.080859362167758
0.07069682325022089 0.8539386307693797
0.07123646197994209 0.5396387297211952
0.07154797836120225 0.3115163812601601
0.07171047637368139 0.1624980124791398
0.07174311313024533 0.03263675656393905
0.07167372100986692 -0.06939212037840314
0.07139368320292135 -0.2800378069455767
0.07005796667063807 -1.335716532283274
0.06644563672010013 -3.612329950537938
0.06032432613849426 -6.121310581605879
0.05283390092355211 -7.49042521494215
0.04592069848699713 -6.913202436554973
0.03619853527689498 -9.722163210102149
0.03709178803658547 0.8932527596904882
0.03744452360190559 0.352735565320117
0.0403037797393718 2.859256137466216
0.04556809338488789 5.264313645516085
0.05250338838093056 6.935294996042673
0.06309800573834642 10.59461735741586
0.04961033052512183 -7.367130784804041
0.04922248685779564 -0.3878436673261931
0.05721055907612717 10.10965568635491
0.06783558713940574 10.62502806327857
0 0
0 0
0 0
0 0
0 0
0 0
0 0
0 0
0 0
0 0
0 0
0 0
0 0
0 0
0 0
0 0
0 0
0 0
0 0
0 0
0 0
0 0
0 0
0 0
0 0
0 0
0 0
0 0
0 0
0 0
0 0
0 0
0 0
0 0
0 0
0 0
0 0
0 0
0 0
