3.063370439625587e-226 3.063370439625587e-223
-0.002790319259786186 -2.790319259786186
-0.000511339066539693 2.278980193246493
0.01086938054339119 11.38071960993089
0.03458636204601855 23.71698150262736
0.07246899140139823 37.88262935537968
0.1246866226493424 52.2176312479442
0.1895192210582015 64.83259840885901
0.2628704750314409 73.35125397323944
0.3386983552237129 75.82788019227205
0.4097649589959517 71.06660377223878
0.4685652886792761 58.80032968332438
0.5081263130920384 39.56102441276227
0.5233435878419724 15.21727474993406
0.5215139775451694 -1.829610296803064
0.600919163060706 79.40518551553666
0.7250763649638186 124.1572019031125
0.8140838473771396 89.00748241332101
0.8560229143972435 41.93906702010397
0.8439371870489571 -12.08572734828639
0.7942355373544555 -49.70164969450163
0.7246582601645275 -69.57727718992801
0.648972823974296 -75.68543619023148
0.5755675140935068 -73.40530988078919
0.5080700209951916 -67.4974930983152
0.4471779828699763 -60.89203812521532
0.3930484814059683 -54.12950146400802
0.3462405975135505 -46.8078838924178
0.3057595657114663 -40.48103180208417
0.266234249292019 -39.52531641944729
0.239949380939769 -26.28486835224997
0.2188060000210859 -21.14338091868317
0.2022540168071516 -16.55198321393428
0.1895551728664009 -12.69884394075063
0.1798241131804765 -9.731059685924414
0.1721507500039162 -7.673363176560311
0.1657342978876405 -6.416452116275728
0.1601879427747708 -5.546355112869716
0.1560229105805515 -4.16503219421932
0.1540303933152891 -1.992517265262339
0.1544375347609065 0.4071414456173483
0.1579867508405987 3.549216079692219
0.1719351068140363 13.9483559734376
0.1824167674046751 10.48166059063876
0.1949134192407322 12.49665183605714
0.209087013135793 14.17359389506079
0.2243950311028278 15.30801796703479
0.2400737679568075 15.67873685397975
0.2554550251267523 15.38125716994482
0.2698941478305834 14.43912270383107
0.2825548347831142 12.66068695253081
0.2927828555007618 10.22802071764756
0.3001392972599356 7.356441759173826
0.3043377680393421 4.198470779406493
0.3052636682114288 0.9259001720866578
0.302992361376726 -2.271306834702724
0.297750796943932 -5.241564432794054
0.2899505903696293 -7.800206574302693
0.280153493497496 -9.79709687213326
0.2690093047271031 -11.14418877039292
0.2571871585874199 -11.82214613968319
0.2452919588434379 -11.89519974398204
0.2338391650025513 -11.45279384088663
0.2232495317712884 -10.58963323126289
0.213724034853604 -9.525496917684368
0.2049958461202716 -8.728188733332393
0.1967314653359369 -8.264380784334751
0.1889756691073969 -7.755796228540001
0.1818986393076668 -7.077029799730044
0.1756178426292944 -6.280796678372419
0.1701551122843016 -5.462730344992838
0.165445106759833 -4.710005524468569
0.1613715340558027 -4.073572704030304
0.1577894766012143 -3.582057454588366
0.154603898446566 -3.185578154648288
0.1516817247578123 -2.922173688753693
0.1488831476032825 -2.79857715452983
0.1460690700456902 -2.814077557592332
0.1431846487089428 -2.884421336747323
0.140153064667372 -3.031584041570834
0.1369656103011138 -3.187454366258169
0.1336097819924844 -3.355828308629405
0.1300415576640566 -3.568224328427849
0.1262556340392744 -3.785923624782167
0.1221761038427093 -4.079530196565095
0.1176753098612058 -4.500793981503478
0.1126614339166686 -5.013875944537241
0.1071415411792913 -5.519892737377324
0.1011410805878497 -6.000460591441575
0.09466308810614672 -6.477992481702985
0.08774126308025577 -6.921825025890948
0.08037745138993388 -7.363811690321895
0.07257865750979244 -7.798793880141444
0.06444100196362738 -8.137655546165051
0.0560842549818797 -8.356746981747689
0.04763237211170047 -8.451882870179228
0.03917351274756967 -8.458859364130793
0.03081051929228508 -8.362993455284593
0.02259834033874984 -8.21217895353524
0.01460990123417092 -7.988439104578922
0.006895246454078973 -7.714654780091943
-0.0005182299025163271 -7.4134763565953
-0.007622684490631084 -7.104454588114756
-0.01441053763343558 -6.787853142804499
-0.02083881769974481 -6.428280066309223
-0.02690291521126097 -6.064097511516164
-0.03257117730142711 -5.668262090166135
-0.03784594800610452 -5.274770704677419
-0.04272742898818197 -4.881480982077448
-0.04722516449031294 -4.497735502130971
-0.05136188627059452 -4.136721780281579
-0.05514902469291395 -3.787138422319432
-0.05857773652451025 -3.4287118315963
-0.06165778998883557 -3.08005346432532
-0.06442155299377279 -2.763763004937219
-0.06690579088313522 -2.484237889362431
-0.0692053108549962 -2.29951997186098
-0.07150181929592112 -2.29650844092491
-0.07388922457309596 -2.387405277174848
-0.0763576390888505 -2.468414515754538
-0.07888445351963314 -2.526814430782634
-0.08146714131846761 -2.582687798834471
-0.08411133938690388 -2.644198068436271
-0.08680888851865745 -2.697549131753574
-0.0896525075865531 -2.843619067895653
-0.09264828312743202 -2.995775540878917
-0.09574346507427135 -3.095181946839332
-0.09889139402191217 -3.147928947640821
-0.1020688398687682 -3.177445846856044
-0.1052320402037832 -3.163200335014937
-0.1083563283439563 -3.124288140173181
-0.1114089144484464 -3.052586104490107
-0.1143349627515297 -2.92604830308324
-0.1170985372570829 -2.763574505553243
-0.1196755566492622 -2.577019392179289
-0.1220368138835493 -2.361257234287123
-0.1241704166442638 -2.133602760714448
-0.1260603873412866 -1.889970697022847
-0.1276938206054886 -1.633433264201956
-0.1290620190146122 -1.368198409123611
-0.1301584218421112 -1.096402827498982
-0.1309681164421084 -0.8096945999971905
-0.1314814223704999 -0.5133059283915498
-0.1316871712219203 -0.2057488514203565
-0.1315729488682088 0.1142223537114462
-0.1311428090488629 0.430139819345976
-0.1304021308508332 0.7406781980296706
-0.1293681164344165 1.034014416416706
-0.1280710241944784 1.297092239938041
-0.1265391172526119 1.531906941866529
-0.124794094083831 1.745023168780946
-0.1228540643035878 1.940029780243116
-0.1207351764380661 2.118887865521724
-0.1184541124635734 2.281063974492708
-0.1160293964041719 2.424716059401546
-0.1134807562787937 2.548640125378199
-0.1108289204141625 2.651835864631136
-0.1080948471423327 2.734073271829854
-0.1052998492999294 2.794997842403293
-0.1024671900202894 2.832659279639965
-0.09961869494926354 2.848495071025886
-0.09677531065369957 2.843384295563967
-0.09396260055227697 2.812710101422602
-0.0912070648478947 2.755535704382264
-0.08849911911454827 2.707945733346429
-0.08585357282370952 2.645546290838754
-0.08328630663618575 2.567266187523773
-0.08082096731486929 2.465339321316456
-0.07848614659062819 2.334820724241099
-0.07627857187551715 2.207574715111043
-0.07420858430498389 2.069987570533255
-0.0723126112224958 1.895973082488095
-0.07059843707456441 1.714174147931388
-0.06907078024205607 1.527656832508342
-0.06771351591086501 1.357264331191057
-0.06652774560990592 1.185770300959094
-0.06550006145141689 1.027684158489028
-0.06462451941300112 0.8755420384157636
-0.06390777206769035 0.7167473453107698
-0.06336055112457441 0.5472209431159475
-0.06299077470998066 0.3697764145937504
-0.06280243338939881 0.1883413205818474
-0.06279477407412865 0.00765931527016428
-0.06296461951047257 -0.1698454363439211
-0.06330694565746847 -0.3423261469959055
-0.06381695157551222 -0.5100059180437461
-0.06449060368579063 -0.6736521102784082
-0.06532550950192388 -0.8349058161332551
-0.06631931883794152 -0.9938093360176425
-0.06747647508435876 -1.15715624641724
-0.0687941701040343 -1.317695019675533
-0.07024420138570714 -1.450031281672842
-0.07181919617341037 -1.574994787703232
-0.0735335733586136 -1.714377185203231
-0.07538255540224435 -1.848982043630751
-0.07737727881942069 -1.994723417176339
-0.07951209128049402 -2.134812461073332
-0.08177026145584014 -2.258170175346117
-0.08412744230143343 -2.35718084559329
-0.08656519374181822 -2.437751440384786
-0.08905479910531833 -2.489605363500111
-0.09157968248392577 -2.524883378607443
-0.09413140244968901 -2.551719965763241
-0.09670299919142902 -2.571596741740012
-0.09928094995226053 -2.577950760831504
-0.1018447374968097 -2.563787544549168
-0.1043701413857534 -2.525403888943664
-0.1068318216588262 -2.461680273072822
-0.109207284774734 -2.375463115907847
-0.1114735190875545 -2.266234312820512
-0.1122784192299214 -0.8049001423668933
-0.1016632491069419 10.61517012297949
-0.08149515324088193 20.16809586606001
-0.05680930742875063 24.6858458121313
-0.03305856829110332 23.75073913764731
-0.01929810561442758 13.76046267667574
-0.01351943150744476 5.778674106982823
-0.011109482015538 2.40994949190676
-0.009362919439010339 1.746562576527659
-0.007852645734674464 1.510273704335876
-0.006684374088775557 1.168271645898907
-0.006031857559773196 0.6525165290023607
-0.00600136934308142 0.03048821669177602
-0.006586862903149762 -0.5854935600683419
-0.007700281706192239 -1.113418803042477
-0.00927213846086223 -1.57185675466999
-0.0112335572198283 -1.961418758966072
-0.01344707811635091 -2.213520896522611
-0.01568861729459689 -2.241539178245977
-0.01172350682592882 3.965110468668074
-0.004358307815619368 7.365199010309449
0.006161064096405931 10.5193719120253
0.0219251755217501 15.76411142534417
0.04273316189395891 20.80798637220881
0.06744256473316786 24.70940283920895
0.09531925679167733 27.87669205850947
0.1254190145666434 30.09975777496612
0.1565202415971975 31.10122703055407
0.1873704771685677 30.85023557137018
0.2168160654360475 29.44558826747984
0.2438397049243054 27.02363948825784
0.2675060307859309 23.66632586162551
0.2872411422989708 19.73511151303991
0.3079671741309534 20.72603183198263
0.3298824820864323 21.91530795547891
0.3497905539152991 19.90807182886678
0.3633628433558972 13.57228944059813
0.3699938446674854 6.631001311588169
0.3699728087404904 -0.02103592699498336
0.3638322906785751 -6.140518061915345
0.3526229495859483 -11.20934109262683
0.3369899713791715 -15.63297820677673
0.3176709006821034 -19.31907069706817
0.295354177842673 -22.31672283943031
0.2707587013079093 -24.59547653476374
0.2449293546349212 -25.82934667298808
0.2190268080302166 -25.90254660470465
0.1938569216662231 -25.16988636399342
0.1699435669516929 -23.91335471453021
0.1475313296916782 -22.41223726001471
0.1267172824225619 -20.81404726911634
0.1075495754809478 -19.16770694161404
0.09008776467576025 -17.46181080518759
0.07436545005461245 -15.7223146211478
0.06041965709178296 -13.9457929628295
0.04834610253078329 -12.07355456099967
0.03822608508514946 -10.12001744563383
0.02370478836997306 -14.52129671517639
0.01322889266961482 -10.47589570035824
0.006645390543679789 -6.583502125935032
0.005918957609374404 -0.7264329343053847
0.005240875641356148 -0.6780819680182564
0.004154054908495792 -1.086820732860355
0.003320482034383064 -0.8335728741127282
0.002942562025666346 -0.3779200087167178
0.002573011570098978 -0.3695504555673683
0.002202945499400071 -0.3700660706989068
0.001834272613293541 -0.3686728861065304
0.00146481816904542 -0.3694544442481207
0.001092887863918684 -0.3719303051267363
0.0007320931218057553 -0.3607947421129285
0.0003632270799264805 -0.3688660418792748
5.889835722242918e-06 -0.3573372442042376
-0.0003605294502948211 -0.366419286017064
-0.0007143901146661566 -0.3538606643713356
-0.00107661783823115 -0.3622277235649938
-0.001423267292984992 -0.3466494547538415
-0.001776239038679253 -0.3529717456942608
-0.002109078864403836 -0.3328398257245835
-0.002437188207256019 -0.3281093428521825
-0.002761801295459931 -0.3246130882039121
-0.003062535366220261 -0.3007340707603303
-0.003353597230612718 -0.2910618643924565
-0.003629573032156069 -0.2759758015433512
4.827699197962416e-222 3.629573032156069
2.901446193047734e-222 -1.926253004914682e-219
1.845978056519062e-222 -1.055468136528672e-219
1.222292964218675e-222 -6.236850923003868e-220
8.322198739927745e-223 -3.900730902259005e-220
5.760516880603583e-223 -2.561681859324163e-220
4.015067787018437e-223 -1.745449093585145e-220
2.799857466792638e-223 -1.215210320225799e-220
1.944409782158698e-223 -8.554476846339395e-221
1.339991119445935e-223 -6.04418662712763e-221
9.137069259538917e-224 -4.262841934920437e-221
6.137753707015362e-224 -2.999315552523555e-221
4.038260186196108e-224 -2.099493520819254e-221
2.587070580267596e-224 -1.451189605928512e-221
1.609658961996219e-224 -9.774116182713772e-222
9.780762080208715e-225 -6.315827539753473e-222
5.872842819491602e-225 -3.907919260717113e-222
3.558432258408608e-225 -2.314410561082994e-222
2.307081808072034e-225 -1.251350450336574e-222
1.726727467034704e-225 -5.803543410373298e-223
1.538691693229149e-225 -1.880357738055556e-223
1.549224382081397e-225 1.053268885224854e-224
1.62116193745519e-225 7.193755537379278e-224
1.668797735571454e-225 4.76357981162635e-224
1.649184482760829e-225 -1.961325281062457e-224
1.547529976529573e-225 -1.016545062312566e-223
1.369690951009578e-225 -1.778390255199942e-223
1.13457555854619e-225 -2.351153924633881e-223
8.717966800456498e-226 -2.627788785005405e-223
6.14911295422651e-226 -2.568853846229988e-223
3.929998019284104e-226 -2.219114934942405e-223
2.24973793330317e-226 -1.680260085980934e-223
1.163641863861265e-226 -1.086096069441906e-223
6.389325740708861e-227 -5.247092897903787e-224
5.760487908606516e-227 -6.288378321023447e-225
8.099417721304909e-227 2.338929812698393e-224
1.129844418725859e-226 3.199026465953682e-224
1.312063833786852e-226 1.822194150609932e-224
1.150570128383675e-226 -1.614937054031777e-224
4.936537923426648e-227 -6.569163360410098e-224
-7.481467534358461e-227 -1.241800545778511e-223
-2.570267450807894e-226 -1.822120697372047e-223
-4.945676400159191e-226 -2.375408949351298e-223
-7.727369938554958e-226 -2.781693538395766e-223
-1.075029088105638e-225 -3.022920942501418e-223
-1.381239368491169e-225 -3.062102803855313e-223
-1.666508978386024e-225 -2.852696098948552e-223
-1.903872377682076e-225 -2.373633992960519e-223
-2.068276948449844e-225 -1.644045707677682e-223
-2.145878589169174e-225 -7.760164071932978e-224
-2.133142806590706e-225 1.273578257846824e-224
-2.038819145694246e-225 9.432366089645964e-224
-1.885338764343181e-225 1.534803813510654e-223
-1.704763246366456e-225 1.805755179767247e-223
-1.532990604463313e-225 1.71772641903143e-223
-1.401802539611954e-225 1.311880648513587e-223
-1.33019977581008e-225 7.160276380187444e-224
-1.325514795113365e-225 4.68498069671513e-225
-1.383596319274258e-225 -5.808152416089323e-224
-1.494685545975603e-225 -1.110892267013452e-223
-1.64472714159416e-225 -1.500415956185563e-223
-1.816101115482255e-225 -1.713739738880952e-223
-1.989390025749065e-225 -1.732889102668098e-223
-2.146222296342915e-225 -1.568322705938508e-223
-2.271662745971583e-225 -1.254404496286679e-223
-2.355274976097566e-225 -8.361223012598234e-224
-2.391900897634266e-225 -3.66259215366999e-224
-2.38229023351204e-225 9.610664122225166e-225
-2.332927082015802e-225 4.936315149623834e-224
-2.254826543649566e-225 7.810053836623653e-224
-2.161623406009407e-225 9.320313764015873e-224
-2.06714604309382e-225 9.44773629155864e-224
-1.982925766835833e-225 8.422027625798702e-224
-1.916208974463421e-225 6.671679237241233e-224
-1.868823492347069e-225 4.73854821163521e-224
-1.8372024189988e-225 3.162107334826927e-224
-1.813515588409279e-225 2.368683058952099e-224
-1.787414893812029e-225 2.610069459724966e-224
-1.74789758568655e-225 3.951730812547895e-224
-1.685752893975209e-225 6.214469171134148e-224
-1.59546119498454e-225 9.029169899066865e-224
-1.47608914127775e-225 1.193720537067896e-223
-1.331894273227066e-225 1.441948680506843e-223
-1.170708348268145e-225 1.611859249589208e-223
-1.001807514491728e-225 1.689008337764173e-223
-8.345401195595477e-226 1.672673949321803e-223
-6.771369571929031e-226 1.574031623666446e-223
-5.356343011151224e-226 1.415026560777807e-223
-4.126721423508155e-226 1.229621587643069e-223
-3.073973422351225e-226 1.05274800115693e-223
-2.160667152641903e-226 9.133062697093219e-224
-1.331184606309875e-226 8.294825463320274e-224
-5.247556852136844e-227 8.06428921096191e-224
3.120563636074497e-227 8.36812048821134e-224
1.215984370527467e-226 9.039280069200172e-224
2.201754564759352e-226 9.857701942318851e-224
3.261282158182007e-226 1.059527593422655e-223
4.364017378801539e-226 1.102735220619532e-223
5.47122687338559e-226 1.107209494584051e-223
6.54248979093352e-226 1.07126291754793e-223
7.541984861294326e-226 9.99495070360806e-224
8.444807543698683e-226 9.028226824043574e-224
9.243238926493493e-226 7.984313827948095e-224
9.945958815772705e-226 7.027198892792122e-224
1.059166295602126e-225 6.457041402485577e-224
1.122253967135829e-225 6.308767153370283e-224
1.188753427316625e-225 6.649946018079557e-224
1.26309358906465e-225 7.434016174802507e-224
1.349682461774769e-225 8.65888727101196e-224
1.451670693796605e-225 1.019882320218354e-223
1.565249922044169e-225 1.135792282475646e-223
1.675855397205973e-225 1.106054751618041e-223
1.782572762091838e-225 1.067173648858645e-223
1.900035992214115e-225 1.174632301222775e-223
2.041540862283616e-225 1.415048700695002e-223
2.208441547320476e-225 1.669006850368607e-223
2.401817297296538e-225 1.933757499760621e-223
2.62616408047867e-225 2.243467831821315e-223
2.881963491343777e-225 2.557994108651071e-223
3.166881458558564e-225 2.849179672147869e-223
3.476663675866238e-225 3.097822173076737e-223
3.806496185244221e-225 3.298325093779838e-223
4.152441702007587e-225 3.459455167633654e-223
4.512013255911676e-225 3.595715539040893e-223
4.885785464697846e-225 3.737722087861694e-223
5.278616471582367e-225 3.928310068845211e-223
5.698533572463567e-225 4.199171008812007e-223
6.158652041111284e-225 4.601184686477167e-223
6.6716339394506e-225 5.129818983393158e-223
7.24767368509696e-225 5.760397456463599e-223
7.897283198513397e-225 6.496095134164374e-223
8.6207009750868e-225 7.234177765734029e-223
9.415152360786922e-225 7.944513857001224e-223
1.026948975658366e-224 8.543373957967384e-223
1.116853778642583e-224 8.990480298421646e-223
1.209381151774293e-224 9.252737313171032e-223
1.302502204085257e-224 9.312105231096462e-223
1.394801713584153e-224 9.229950949889526e-223
1.484674290034335e-224 8.987257645018205e-223
1.571147940390389e-224 8.647365035605403e-223
1.653650303160225e-224 8.250236276983636e-223
1.73193028543322e-224 7.827998227299509e-223
1.805880090342664e-224 7.394980490944356e-223
1.875308133473591e-224 6.94280431309269e-223
1.939719435088421e-224 6.441130161482977e-223
1.914553179694861e-224 -2.516625539355902e-223
1.759792674372467e-224 -1.547605053223947e-222
1.452884430478823e-224 -3.06908243893644e-222
1.034178157155667e-224 -4.187062733231561e-222
6.995871263292338e-225 -3.345910308264328e-222
4.947317329977025e-225 -2.048553933315313e-222
3.375836047115997e-225 -1.571481282861027e-222
1.773353551808502e-225 -1.602482495307495e-222
3.543349754632839e-226 -1.419018576345218e-222
-2.995698813830032e-226 -6.53904856846287e-223
-4.44260164688174e-226 -1.446902833051709e-223
-2.448366186624972e-226 1.994235460256769e-223
1.679011822740964e-226 4.127378009365935e-223
6.455951167700323e-226 4.77693934495936e-223
1.153345067195772e-225 5.077499504257393e-223
1.58735367327089e-225 4.340086060751181e-223
1.816023207082761e-225 2.286695338118716e-223
1.631006483756006e-225 -1.850167233267554e-223
1.360845522345846e-225 -3.654607679264396e-223
1.877427378749152e-225 5.165818564033059e-223
2.299017518937316e-225 2.048245452106655e-223
1.808656441459509e-225 -4.903610774778068e-223
0 0
0 0
0 0
0 0
0 0
0 0
0 0
0 0
0 0
0 0
0 0
0 0
0 0
0 0
0 0
0 0
0 0
0 0
0 0
0 0
0 0
0 0
0 0
0 0
0 0
0 0
0 0
0 0
0 0
0 0
0 0
0 0
0 0
0 0
0 0
0 0
0 0
0 0
0 0
