-0.002152172761104047 -2.152172761104047
-0.004152043375301647 -1.999870614197599
-0.004152043375301647 0
-0.004152043375301647 0
-0.004152043375301647 0
-0.004152043375301647 0
-0.004152043375301647 0
-0.004152043375301647 0
-0.004152043375301647 0
-0.004152043375301647 0
-0.004152043375301647 0
-0.004152043375301647 0
-0.004152043375301647 0
-0.004152043375301647 0
-0.004152043375301647 0
-0.004152043375301647 0
-0.004152043375301647 0
-0.004152043375301647 0
-0.004152043375301647 0
-0.004152043375301647 0
-0.004152043375301647 0
-0.004152043375301647 0
-0.004152043375301647 0
-0.004152043375301647 0
-0.004152043375301647 0
-0.004152043375301647 0
-0.004152043375301647 0
-0.004152043375301647 0
-0.004152043375301647 0
-0.004152043375301647 0
-0.004152043375301647 0
-0.004152043375301647 0
-0.004152043375301647 0
-0.004152043375301647 0
-0.004152043375301647 0
-0.004152043375301647 0
-0.004152043375301647 0
-0.004152043375301647 0
-0.004152043375301647 0
-0.004152043375301647 0
-0.004152043375301647 0
-0.004152043375301647 0
-0.004152043375301647 0
-0.004152043375301647 0
-0.004152043375301647 0
-0.004152043375301647 0
-0.004152043375301647 0
-0.004152043375301647 0
-0.004152043375301647 0
-0.004152043375301647 0
-0.004152043375301647 0
-0.004152043375301647 0
-0.004152043375301647 0
-0.004152043375301647 0
-0.004152043375301647 0
-0.004152043375301647 0
-0.004152043375301647 0
-0.004152043375301647 0
-0.004152043375301647 0
-0.004152043375301647 0
-0.004152043375301647 0
-0.004152043375301647 0
-0.004152043375301647 0
-0.002632733912108542 1.519309463193105
0.000845578824283123 3.478312736391665
0.000845578824283123 0
0.000845578824283123 0
0.000845578824283123 0
0.000845578824283123 0
0.000845578824283123 0
0.000845578824283123 0
0.000845578824283123 0
0.000845578824283123 0
0.000845578824283123 0
0.000845578824283123 0
0.000845578824283123 0
0.000845578824283123 0
0.000845578824283123 0
0.000845578824283123 0
0.000845578824283123 0
0.000845578824283123 0
0.000845578824283123 0
0.000845578824283123 0
0.005335052594850492 4.489473770567368
0.005335052594850492 0
0.005335052594850492 0
0.005335052594850492 0
0.005335052594850492 0
0.005335052594850492 0
0.005335052594850492 0
0.005335052594850492 0
0.005335052594850492 0
0.005335052594850492 0
0.005335052594850492 0
0.005335052594850492 0
0.005335052594850492 0
0.005335052594850492 0
0.005335052594850492 0
0.005335052594850492 0
0.005335052594850492 0
0.005335052594850492 0
0.005335052594850492 0
0.005335052594850492 0
0.005335052594850492 0
0.005335052594850492 0
0.005335052594850492 0
0.005335052594850492 0
0.005335052594850492 0
0.005335052594850492 0
0.005335052594850492 0
0.005335052594850492 0
0.005335052594850492 0
0.005335052594850492 0
0.005335052594850492 0
0.005335052594850492 0
0.005335052594850492 0
0.005335052594850492 0
0.005335052594850492 0
0.005335052594850492 0
0.005335052594850492 0
0.005335052594850492 0
0.005335052594850492 0
0.005335052594850492 0
0.005335052594850492 0
0.005335052594850492 0
0.005335052594850492 0
0.005335052594850492 0
0.005335052594850492 0
0.005335052594850492 0
0.005335052594850492 0
0.005335052594850492 0
0.005335052594850492 0
0.005335052594850492 0
0.005335052594850492 0
0.005335052594850492 0
0.005335052594850492 0
0.005335052594850492 0
0.005335052594850492 0
0.005335052594850492 0
0.005335052594850492 0
0.005335052594850492 0
0.005335052594850492 0
0.005335052594850492 0
0.005335052594850492 0
0.005335052594850492 0
0.005335052594850492 0
0.005335052594850492 0
0.005335052594850492 0
0.005335052594850492 0
0.005335052594850492 0
0.005335052594850492 0
0.005335052594850492 0
0.005335052594850492 0
0.005335052594850492 0
0.005335052594850492 0
0.005335052594850492 0
0.005335052594850492 0
0.005335052594850492 0
0.005335052594850492 0
0.005335052594850492 0
0.005335052594850492 0
0.005335052594850492 0
0.005335052594850492 0
0.005335052594850492 0
0.005335052594850492 0
0.005335052594850492 0
0.005335052594850492 0
0.005335052594850492 0
0.005335052594850492 0
0.005335052594850492 0
0.005335052594850492 0
0.005335052594850492 0
0.005335052594850492 0
0.005335052594850492 0
0.005335052594850492 0
0.005335052594850492 0
0.005335052594850492 0
0.005335052594850492 0
0.005335052594850492 0
0.005335052594850492 0
0.005335052594850492 0
0.005335052594850492 0
0.005335052594850492 0
0.005335052594850492 0
0.005335052594850492 0
0.005335052594850492 0
0.005335052594850492 0
0.005335052594850492 0
0.005335052594850492 0
0.005335052594850492 0
0.005335052594850492 0
0.005335052594850492 0
0.005335052594850492 0
0.005335052594850492 0
0.005335052594850492 0
0.005335052594850492 0
0.005335052594850492 0
0.005335052594850492 0
0.005335052594850492 0
0.005335052594850492 0
0.005335052594850492 0
0.005335052594850492 0
0.005335052594850492 0
0.005335052594850492 0
0.005335052594850492 0
0.005335052594850492 0
0.005335052594850492 0
0.005335052594850492 0
0.005335052594850492 0
0.005335052594850492 0
0.005335052594850492 0
0.005335052594850492 0
0.005335052594850492 0
0.005335052594850492 0
0.005335052594850492 0
0.005335052594850492 0
0.005335052594850492 0
0.005335052594850492 0
0.005335052594850492 0
0.005335052594850492 0
0.005335052594850492 0
0.005335052594850492 0
0.005335052594850492 0
0.005335052594850492 0
0.005335052594850492 0
0.005335052594850492 0
0.005335052594850492 0
0.005335052594850492 0
0.005335052594850492 0
0.005335052594850492 0
0.005335052594850492 0
0.005335052594850492 0
0.005335052594850492 0
0.005335052594850492 0
0.005335052594850492 0
0.005335052594850492 0
0.005335052594850492 0
0.005335052594850492 0
0.005335052594850492 0
0.005335052594850492 0
0.005335052594850492 0
0.005335052594850492 0
0.005335052594850492 0
0.005335052594850492 0
0.005335052594850492 0
0.005335052594850492 0
0.005335052594850492 0
0.005335052594850492 0
0.005335052594850492 0
0.005335052594850492 0
0.005335052594850492 0
0.005335052594850492 0
0.005335052594850492 0
0.005335052594850492 0
0.005335052594850492 0
0.005335052594850492 0
0.005335052594850492 0
0.005335052594850492 0
0.005335052594850492 0
0.005335052594850492 0
0.005335052594850492 0
0.005335052594850492 0
0.005335052594850492 0
0.005335052594850492 0
0.005335052594850492 0
0.005335052594850492 0
0.005335052594850492 0
0.005335052594850492 0
0.005335052594850492 0
0.005335052594850492 0
0.005335052594850492 0
0.005335052594850492 0
0.005335052594850492 0
0.005335052594850492 0
0.005335052594850492 0
0.005335052594850492 0
0.005335052594850492 0
0.005335052594850492 0
0.005335052594850492 0
0.005335052594850492 0
0.005335052594850492 0
0.005335052594850492 0
0.005335052594850492 0
0.005335052594850492 0
0.005335052594850492 0
0.005335052594850492 0
0.005335052594850492 0
0.005335052594850492 0
0.005335052594850492 0
0.005335052594850492 0
0.005335052594850492 0
0.005335052594850492 0
0.003905981939945276 -1.429070654905215
0.002386879457708007 -1.519102482237269
-0.004827663327058002 -7.214542784766008
-0.004827663327058002 0
-0.004827663327058002 0
-0.004983110083110903 -0.1554467560529009
-0.00638213088758701 -1.399020804476107
-0.00638213088758701 0
-0.00638213088758701 0
-0.00638213088758701 0
-0.00638213088758701 0
-0.00638213088758701 0
-0.00638213088758701 0
-0.00638213088758701 0
-0.00638213088758701 0
-0.00638213088758701 0
-0.00638213088758701 0
-0.00638213088758701 0
-0.00638213088758701 0
-0.00638213088758701 0
-0.00638213088758701 0
-0.00638213088758701 0
-0.00638213088758701 0
-0.00638213088758701 0
-0.00638213088758701 0
-0.00638213088758701 0
-0.00638213088758701 0
-0.00638213088758701 0
-0.00638213088758701 0
-0.00638213088758701 0
-0.00638213088758701 0
-0.00638213088758701 0
-0.00638213088758701 0
-0.00638213088758701 0
-0.00638213088758701 0
-0.00638213088758701 0
-0.00638213088758701 0
-0.00638213088758701 0
-0.00638213088758701 0
-0.00638213088758701 0
-0.00638213088758701 0
-0.00638213088758701 0
-0.00638213088758701 0
-0.00638213088758701 0
-0.00638213088758701 0
-0.00638213088758701 0
-0.00638213088758701 0
-0.00638213088758701 0
-0.00638213088758701 0
-0.00638213088758701 0
-0.00638213088758701 0
-0.00638213088758701 0
-0.00638213088758701 0
-0.00638213088758701 0
-0.00638213088758701 0
-0.00638213088758701 0
-0.00638213088758701 0
-0.00638213088758701 0
-0.00638213088758701 0
-0.00638213088758701 0
-0.00638213088758701 0
-0.00638213088758701 0
-0.00638213088758701 0
-0.00638213088758701 0
-0.00638213088758701 0
-0.00638213088758701 0
-0.00638213088758701 0
-0.00638213088758701 0
-0.00638213088758701 0
-0.00638213088758701 0
-0.00638213088758701 0
-0.00638213088758701 0
-0.00638213088758701 0
-0.00638213088758701 0
-0.00638213088758701 0
-0.00638213088758701 0
-0.00638213088758701 0
-0.00638213088758701 0
-0.00638213088758701 0
-0.00638213088758701 0
-0.00638213088758701 0
-0.00638213088758701 0
-0.00638213088758701 0
-0.00638213088758701 0
-0.00638213088758701 0
-0.00638213088758701 0
-0.00638213088758701 0
-0.00638213088758701 0
-0.00638213088758701 0
-0.00638213088758701 0
-0.00638213088758701 0
-0.00638213088758701 0
-0.00638213088758701 0
-0.00638213088758701 0
-0.00638213088758701 0
-0.00638213088758701 0
-0.00638213088758701 0
-0.00638213088758701 0
-0.00638213088758701 0
-0.00638213088758701 0
-0.00638213088758701 0
-0.00638213088758701 0
-0.00638213088758701 0
-0.00638213088758701 0
-0.00638213088758701 0
-0.00638213088758701 0
-0.00638213088758701 0
-0.00638213088758701 0
-0.00638213088758701 0
-0.00638213088758701 0
-0.00638213088758701 0
-0.00638213088758701 0
-0.00638213088758701 0
-0.00638213088758701 0
-0.00638213088758701 0
-0.00638213088758701 0
-0.00638213088758701 0
-0.00638213088758701 0
-0.00638213088758701 0
-0.00638213088758701 0
-0.00638213088758701 0
-0.00638213088758701 0
-0.00638213088758701 0
-0.00638213088758701 0
-0.00638213088758701 0
-0.00638213088758701 0
-0.00638213088758701 0
-0.00638213088758701 0
-0.00638213088758701 0
-0.00638213088758701 0
-0.00638213088758701 0
-0.00638213088758701 0
-0.00638213088758701 0
-0.00638213088758701 0
-0.00638213088758701 0
-0.00638213088758701 0
-0.00638213088758701 0
-0.00638213088758701 0
-0.00638213088758701 0
-0.00638213088758701 0
-0.00638213088758701 0
-0.00638213088758701 0
-0.00638213088758701 0
-0.00638213088758701 0
-0.00638213088758701 0
-0.00638213088758701 0
-0.00638213088758701 0
-0.00638213088758701 0
-0.00638213088758701 0
-0.00638213088758701 0
-0.00638213088758701 0
-0.00638213088758701 0
-0.00638213088758701 0
-0.00638213088758701 0
-0.00638213088758701 0
-0.00638213088758701 0
-0.00638213088758701 0
-0.00638213088758701 0
-0.005463169361884423 0.9189615257025867
-0.00638213088758701 -0.9189615257025867
-0.00638213088758701 0
-0.00638213088758701 0
-0.00638213088758701 0
-0.00638213088758701 0
-0.005778939675730985 0.6031912118560243
-0.01082965116124329 -2.750892521558058
-0.01288081309799802 -2.051161936754736
-0.01335101191978533 0
-0.01335101191978533 0
0 0
0 0
0 0
0 0
0 0
0 0
0 0
0 0
0 0
0 0
0 0
0 0
0 0
0 0
0 0
0 0
0 0
0 0
0 0
0 0
0 0
0 0
0 0
0 0
0 0
0 0
0 0
0 0
0 0
0 0
0 0
0 0
0 0
0 0
0 0
0 0
0 0
0 0
0 0
