-7.709578536742315e-225 -7.709578536742315e-222
0.04869582880420927 48.69582880420926
0.08793453283178998 39.23870402758072
0.1164270219529315 28.49248912114151
0.1345341475494529 18.10712559652137
0.1406848198026004 6.150672253147526
0.1349133249396267 -5.771494862973681
0.1186082173867319 -16.30510755289482
0.0938967346848589 -24.71148270187298
0.06330321444359238 -30.59352024126652
0.03001842327136562 -33.28479117222677
-0.002037404383601181 -32.0558276549668
-0.02905488424323709 -27.01747985963591
-0.04806845330735255 -19.01356906411546
-0.05492883272633577 -6.860379418983216
-0.09383762421009438 -38.90879148375861
-0.1553425239566084 -61.50489974651401
-0.2082560677243094 -52.91354376770099
-0.2447124310245062 -36.45636330019678
-0.259109709063755 -14.39727803924881
-0.2550827126646477 4.026996399107308
-0.2387306074677768 16.35210519687089
-0.2156011282368769 23.12947923089984
-0.1895036674331853 26.09746080369163
-0.1624704552718296 27.03321216135568
-0.1353893758993642 27.08107937246543
-0.1085203692147854 26.86900668457878
-0.08176173224116812 26.7586369736173
-0.05544874636376062 26.3129858774075
-0.03184454382625949 23.60420253750112
-0.005292875061901776 26.55166876435771
0.02091553452026071 26.20840958216248
0.04741430718741939 26.49877266715868
0.07492328014212482 27.50897295470543
0.1040069042686608 29.08362412653598
0.1346983830766762 30.69147880801543
0.1665692313734597 31.87084829678352
0.199416298554213 32.84706718075325
0.2328061294472808 33.38983089306777
0.2643100907613991 31.50396131411834
0.2896756230236826 25.36553226228349
0.3047697664766991 15.09414345301646
0.3076539757215579 2.884209244858882
0.2986010198741462 -9.052955847411781
0.2782003398465498 -20.40068002759632
0.2470179685640562 -31.18237128249368
0.2064504650723982 -40.56750349165799
0.1584604212241545 -47.99004384824365
0.1052725045063111 -53.18791671784344
0.0491592819797387 -56.11322252657238
-0.007762704116398381 -56.92198609613708
-0.06361832424339478 -55.8556201269964
-0.1168681054518743 -53.24978120847949
-0.1663309233753825 -49.46281792350822
-0.2111282988312324 -44.79737545584989
-0.250603647078659 -39.47534824742663
-0.2842323864208164 -33.62873934215737
-0.31155589206422 -27.32350564340358
-0.3321184069961542 -20.56251493193428
-0.3454252622628191 -13.30685526666481
-0.3515755041808685 -6.150241918049471
-0.3512955045182928 0.2799996625756918
-0.3458905210399147 5.404983478378145
-0.3369489806125832 8.941540427331473
-0.3259514840062122 10.997496606371
-0.3141856522502195 11.76583175599272
-0.3026279400295896 11.5577122206299
-0.292052182022677 10.57575800691257
-0.2830062617662664 9.0459202564106
-0.2758039148372938 7.202346928972592
-0.2705735106874371 5.23040414985676
-0.2673371178996213 3.236392787815789
-0.266053900343873 1.283217555748284
-0.2663768704425162 -0.3229700986431827
-0.2675251505310667 -1.148280088550557
-0.2692171734674358 -1.692022936369109
-0.2714918823381005 -2.274708870664666
-0.2744634041738034 -2.971521835702928
-0.2783510675961608 -3.887663422357357
-0.283220294884889 -4.869227288728239
-0.288987575023078 -5.767280138188946
-0.2955778092816205 -6.590234258542493
-0.3028744176480955 -7.296608366474999
-0.3106904046507001 -7.815987002604607
-0.3187382398784097 -8.047835227709632
-0.3266465783773685 -7.908338498958833
-0.3340565194399581 -7.40994106258952
-0.3405541068313688 -6.497587391410764
-0.3457817707889513 -5.227663957582506
-0.3494538921182829 -3.672121329331535
-0.3512273868975662 -1.773494779283347
-0.3510012379420322 0.2261489555340224
-0.3483268964403105 2.674341501721744
-0.3427816065317693 5.54528990854114
-0.3343404978371418 8.441108694627552
-0.3231467363646404 11.19376147250134
-0.309447947902603 13.69878846203743
-0.293558063592908 15.88988430969496
-0.2758012675859303 17.75679600697777
-0.2565134798342584 19.28778775167189
-0.2360195779617761 20.49390187248226
-0.2146293281204524 21.3902498413237
-0.192629441725846 21.9998863946064
-0.1702786496944836 22.35079203136242
-0.1478316600420495 22.44698965243408
-0.1255258981098368 22.30576193221273
-0.103583838485654 21.94205962418279
-0.08222737619539734 21.35646229025664
-0.06191520202152927 20.31217417386808
-0.0428743510522819 19.04085096924737
-0.02523853689863786 17.63581415364404
-0.009113191138764225 16.12534575987363
0.005406082640777911 14.51927377954214
0.01824462763070383 12.83854498992591
0.02931755428379764 11.07292665309382
0.03853013943747248 9.212585153674835
0.04586425977037509 7.334120332902607
0.05150299713169818 5.638737361323094
0.05543375548291304 3.930758351214862
0.0574769785169908 2.043223034077751
0.05737708369598757 -0.09989482100322689
0.05490890073220098 -2.468182963786592
0.04989564133021056 -5.013259401990419
0.04216203240190019 -7.733608928310369
0.03145805047441117 -10.70398192748902
0.01786475305609863 -13.59329741831254
0.001547527251418976 -16.31722580467966
-0.01733894808245013 -18.8864753338691
-0.03875852077645169 -21.41957269400156
-0.06256118084854327 -23.80266007209158
-0.08834428818187129 -25.78310733332802
-0.1154493378806971 -27.10504969882577
-0.1431363544961227 -27.68701661542566
-0.1699855959239282 -26.84924142780548
-0.1955782808497738 -25.5926849258456
-0.2197002339138399 -24.12195306406612
-0.2421290119045843 -22.42877799074439
-0.2625690927512928 -20.44008084670851
-0.280785098088527 -18.21600533723422
-0.2967066105134056 -15.92151242487855
-0.310338671142693 -13.63206062928746
-0.3216980646932897 -11.35939355059667
-0.3308068001884308 -9.108735495141129
-0.3377046232970422 -6.897823108611367
-0.3424491168548426 -4.744493557800378
-0.3451105928276338 -2.661475972791205
-0.3457759558620335 -0.6653630343997352
-0.3445392887050441 1.236667156989391
-0.3414988880813328 3.040400623711359
-0.3367632878792446 4.73560020208813
-0.3304534647055655 6.309823173679174
-0.3227018259171038 7.75163878846169
-0.3136264510803322 9.075374836771621
-0.3033557789875515 10.27067209278065
-0.2920414887772677 11.3142902102838
-0.2798381193898596 12.20336938740813
-0.2668858140885986 12.95230530126096
-0.2532578186712049 13.62799541739368
-0.2389686110730078 14.28920759819713
-0.224103393681671 14.86521739133686
-0.2087328747787568 15.37051890291419
-0.1930088821083274 15.72399267042937
-0.1770655330812039 15.94334902712349
-0.1611264323299739 15.93910075123003
-0.1454430769918595 15.68335533811435
-0.1302225139126104 15.22056307924913
-0.1156580721170177 14.56444179559269
-0.1019301778844916 13.7278942325261
-0.08920162197074527 12.72855591374633
-0.0776353797826916 11.56624218805367
-0.06737143146016299 10.26394832252861
-0.05850327822028441 8.868153239878579
-0.05112586514530404 7.377413074980368
-0.04530552532363326 5.820339821670781
-0.04110188869986229 4.203636623770969
-0.03854803717292983 2.553851526932459
-0.03761073115241759 0.9373060205122365
-0.03825821117039084 -0.6474800179732467
-0.04046558572072236 -2.207374550331521
-0.04418116209614587 -3.715576375423503
-0.04929612012354641 -5.11495802740055
-0.05559641442836054 -6.300294304814123
-0.06270679925270094 -7.110384824340398
-0.07045250419288437 -7.745704940183437
-0.07863667064503643 -8.184166452152059
-0.08715986777349426 -8.523197128457824
-0.09594791778173764 -8.788050008243383
-0.1049099404086883 -8.9620226269507
-0.1139526804126395 -9.042740003951193
-0.1229683351696596 -9.015654757020041
-0.1318455079393135 -8.877172769653885
-0.1404758797338716 -8.630371794558167
-0.1487556903149532 -8.279810581081543
-0.1566067529195818 -7.851062604628589
-0.1639889696532332 -7.38221673365147
-0.1708745896854591 -6.885620032225869
-0.1772519136542206 -6.377323968761534
-0.1831222709968419 -5.870357342621229
-0.1884956378220776 -5.373366825235704
-0.1933823975029644 -4.886759680886865
-0.197801170749687 -4.418773246722601
-0.201768820878013 -3.967650128325978
-0.2053025475407091 -3.533726662696135
-0.2084259499562035 -3.123402415494331
-0.211166855708804 -2.740905752600498
-0.2135556603343615 -2.388804625557572
-0.2156249667339006 -2.069306399539089
-0.2174078140078546 -1.782847273954002
-0.2189357989386806 -1.527984930825982
-0.2202388769522884 -1.303078013607767
-0.2219508824208871 -1.712005468598676
-0.2280127814995079 -6.061899078620869
-0.2358671110245628 -7.85432952505491
-0.2424441608265709 -6.577049802008045
-0.2461435414336739 -3.699380607102981
-0.2450097722005255 1.133769233148368
-0.2407655625454679 4.244209655057618
-0.2357878866582354 4.977675887232468
-0.2314161790914451 4.371707566790339
-0.2279490850941011 3.467093997344017
-0.2253901659538065 2.558919140294547
-0.2236488476398405 1.741318313965984
-0.2225821152274965 1.066732412344062
-0.2220277535619632 0.5543616655332706
-0.2218289289130303 0.1988246489328938
-0.2218333901664248 -0.004461253394538733
-0.2219118674892269 -0.07847732280208408
-0.2219878530611853 -0.07598557195839795
-0.2220580166113234 -0.07016355013808595
-0.2095434887372251 12.51452787409835
-0.1926090142790416 16.93447445818341
-0.1734473336136828 19.16168066535884
-0.1526690838949841 20.77824971869871
-0.1295161478896197 23.15293600536436
-0.1049991126269535 24.51703526266624
-0.08011572556740819 24.88338705954531
-0.05565301682005815 24.46270874735004
-0.03221633934124046 23.43667747881769
-0.01029955297941142 21.91678636182904
0.009567950314095925 19.86750329350734
0.02675632003221062 17.1883697181147
0.04062546206260514 13.86914203039452
0.05055496314059434 9.929501077989192
0.06044073090091372 9.885767760319387
0.07662181856554363 16.18108766462991
0.09432107946861296 17.69926090306932
0.107622037573052 13.30095810443908
0.114499423141585 6.877385568532956
0.1157178861787025 1.218463037117465
0.1112173727454813 -4.500513433221124
0.1021136391862391 -9.103733559242279
0.08914515824906534 -12.96848093717372
0.07305040937281687 -16.09474887624847
0.05462223950685975 -18.42816986595712
0.03469515658738191 -19.92708291947784
0.01404667112891426 -20.64848545846765
-0.006595470993519172 -20.64214212243343
-0.02646781785566159 -19.87234686214241
-0.0448513454125469 -18.38352755688531
-0.06103335605380399 -16.18201064125709
-0.07440695435336028 -13.3735982995563
-0.08443133255261016 -10.02437819924988
-0.0908167631720958 -6.385430619485641
-0.09356834021413536 -2.751577042039557
-0.09293737861893943 0.6309615951959335
-0.08937471761819266 3.562661000746772
-0.08356072320229342 5.813994415899234
-0.06521056342534495 18.35015977694847
-0.05017942045786813 15.03114296747682
-0.04116014315049257 9.019277307375569
-0.04114278543851767 0.01735771197489827
-0.04113367958069179 0.00910585782588208
-0.04067574929406352 0.457930286628265
-0.0406063449368725 0.06940435719102189
-0.04109361903524327 -0.4872740983707727
-0.04159049211892744 -0.4968730836841656
-0.04209143651256741 -0.500944393639971
-0.04259732708115183 -0.5058905685844245
-0.04310746060278438 -0.5101335216325456
-0.04362158988146095 -0.51412927867657
-0.04414430445914853 -0.5227145776875788
-0.04466892137655689 -0.5246169174083631
-0.04520342952315221 -0.5345081465953152
-0.04573937072981917 -0.5359412066669663
-0.04628403115542746 -0.5446604256082871
-0.04682698053063632 -0.5429493752088649
-0.047375063557664 -0.5480830270276765
-0.04791651010958605 -0.5414465519220507
-0.0484590124870059 -0.5425023774198456
-0.04899314477473875 -0.534132287732858
-0.04951833301897896 -0.5251882442402003
-0.05004038521072741 -0.5220521917484594
-0.05055239065334569 -0.5120054426182782
-0.05102848036423225 -0.4760897108865569
8.397320940793281e-222 51.02848036423225
4.979027525981429e-222 -3.418293414811853e-219
3.113787261234707e-222 -1.865240264746722e-219
2.022985756178388e-222 -1.090801505056319e-219
1.351287928738893e-222 -6.716978274394943e-220
9.201454263923327e-223 -4.311425023465606e-220
6.343021326938726e-223 -2.858432936984601e-220
4.396049914557167e-223 -1.946971412381559e-220
3.042326996131282e-223 -1.353722918425885e-220
2.092635702194754e-223 -9.496912939365276e-221
1.425700552955022e-223 -6.669351492397321e-221
9.553252758403136e-224 -4.703752771147088e-221
6.258274944846846e-224 -3.294977813556289e-221
3.983662648522957e-224 -2.27461229632389e-221
2.45824988386454e-224 -1.525412764658416e-221
1.485335290127615e-224 -9.729145937369257e-222
9.07984339906801e-225 -5.773509502208135e-222
6.029083719641534e-225 -3.050759679426476e-222
4.845621845300208e-225 -1.183461874341326e-222
4.880351201851569e-225 3.472935655136075e-224
5.642514083015433e-225 7.621628811638642e-223
6.757460541633768e-225 1.114946458618335e-222
7.921918880295092e-225 1.164458338661324e-222
8.901981391900946e-225 9.800625116058537e-223
9.538582715111334e-225 6.366013232103879e-223
9.737965226021779e-225 1.993825109104449e-223
9.443144721605606e-225 -2.94820504416173e-223
8.643901847471423e-225 -7.992428741341822e-223
7.394906552865944e-225 -1.248995294605479e-222
5.826055296872791e-225 -1.568851255993153e-222
4.120111181404202e-225 -1.705944115468589e-222
2.466190827967561e-225 -1.653920353436642e-222
1.009896706099065e-225 -1.456294121868496e-222
-1.637318297715207e-226 -1.173628535870585e-222
-9.99336090635539e-226 -8.356042608640183e-223
-1.459191947935399e-225 -4.598558572998601e-223
-1.559983276866634e-225 -1.007913289312344e-223
-1.357672031049696e-225 2.023112458169379e-223
-9.429866802773799e-226 4.146853507723157e-223
-4.249119032399392e-226 5.180747770374407e-223
9.541271489931693e-227 5.203246181392562e-223
5.181689159187653e-226 4.227562010194483e-223
7.921882049515289e-226 2.740192890327637e-223
8.771455792001832e-226 8.495737424865428e-224
7.757701052786197e-226 -1.013754739215635e-223
5.135201352076712e-226 -2.622499700709484e-223
1.413130433880074e-226 -3.722070918196638e-223
-2.740312401014509e-226 -4.153442834894583e-223
-6.671235236394561e-226 -3.930922835380052e-223
-9.751539525502015e-226 -3.080304289107454e-223
-1.162887473589266e-225 -1.877335210390645e-223
-1.224317344411256e-225 -6.142987082199039e-224
-1.186196573996855e-225 3.812077041440157e-224
-1.095902610468106e-225 9.029396352874863e-224
-1.002925655526247e-225 9.297695494185964e-224
-9.398647850698623e-226 6.306087045638425e-224
-9.122186981784677e-226 2.764608689139464e-224
-9.018416718305348e-226 1.037702634793288e-224
-8.771794384275746e-226 2.466223340296016e-224
-8.066215630152187e-226 7.055787541235594e-224
-6.644541628417932e-226 1.421674001734255e-223
-4.343955522414702e-226 2.30058610600323e-223
-1.112562335922556e-226 3.231393186492146e-223
2.979666198638694e-226 4.092228534561251e-223
7.742532611735505e-226 4.762866413096811e-223
1.28239386226625e-225 5.081406010927e-223
1.771846767869702e-225 4.894529056034513e-223
2.199142427591743e-225 4.272956597220413e-223
2.542490180093308e-225 3.433477525015654e-223
2.802422949520834e-225 2.599327694275256e-223
2.994580062962692e-225 1.921571134418579e-223
3.141715786945422e-225 1.471357239827303e-223
3.266738439460375e-225 1.250226525149528e-223
3.388010102002592e-225 1.212716625422173e-223
3.514425622199528e-225 1.26415520196936e-223
3.642386407876729e-225 1.279607856772013e-223
3.756830181587386e-225 1.144437737106563e-223
3.835382174161511e-225 7.85519925741249e-224
3.853496458789371e-225 1.811428462786058e-224
3.790938535450768e-225 -6.255792333860295e-224
3.636892353496506e-225 -1.540461819542627e-223
3.392459012828324e-225 -2.444333406681814e-223
3.072228654721108e-225 -3.202303581072165e-223
2.70023840745959e-225 -3.719902472615175e-223
2.303978672753563e-225 -3.962597347060276e-223
1.910194766893716e-225 -3.937839058598464e-223
1.541208804646499e-225 -3.689859622472167e-223
1.212120353625911e-225 -3.290884510205883e-223
9.286428141656904e-226 -2.834775394602207e-223
6.875130359034866e-226 -2.411297782622038e-223
4.787786992808092e-226 -2.087343366226774e-223
2.891840230307249e-226 -1.895946762500843e-223
1.057914583119453e-226 -1.833925647187796e-223
-8.101798237042605e-227 -1.868094406823713e-223
-2.757821652089349e-226 -1.947641828385089e-223
-4.775282671483339e-226 -2.017461019393989e-223
-6.803143926817907e-226 -2.027861255334568e-223
-8.747032415210091e-226 -1.943888488392185e-223
-1.051215157846203e-225 -1.765119163251939e-223
-1.202284729037695e-225 -1.510695711914921e-223
-1.323339349233529e-225 -1.210546201958343e-223
-1.413173149869517e-225 -8.983380063598779e-224
-1.473868180839281e-225 -6.069503096976429e-224
-1.510618336283216e-225 -3.675015544393429e-224
-1.531531388906404e-225 -2.091305262318838e-224
-1.545702331464124e-225 -1.417094255771935e-224
-1.560043060691175e-225 -1.43407292270519e-224
-1.581836770251853e-225 -2.179370956067761e-224
-1.618566165760093e-225 -3.672939550823958e-224
-1.677013066348971e-225 -5.844690058887791e-224
-1.758903537681542e-225 -8.18904713325711e-224
-1.85514791451935e-225 -9.624437683780811e-224
-1.966008230567019e-225 -1.108603160476691e-223
-2.104868582112602e-225 -1.388603515455836e-223
-2.28765401520061e-225 -1.82785433088008e-223
-2.513807572007221e-225 -2.261535568066101e-223
-2.786281224476644e-225 -2.724736524694236e-223
-3.117102989907755e-225 -3.308217654311113e-223
-3.511598160571916e-225 -3.944951706641606e-223
-3.970148094328024e-225 -4.585499337561078e-223
-4.48890936340819e-225 -5.187612690801659e-223
-5.06122148241647e-225 -5.723121190082806e-223
-5.67957890807576e-225 -6.183574256592892e-223
-6.336423565593139e-225 -6.568446575173796e-223
-7.025044773959707e-225 -6.886212083665678e-223
-7.74762307295036e-225 -7.225782989906529e-223
-8.513613787175795e-225 -7.659907142254355e-223
-9.337164645479234e-225 -8.235508583034385e-223
-1.023148676369856e-224 -8.943221182193217e-223
-1.121448588079785e-224 -9.829991170992894e-223
-1.229419787909555e-224 -1.079711998297709e-222
-1.347551450623129e-224 -1.181316627135738e-222
-1.474842109869148e-224 -1.272906592460188e-222
-1.609674219700818e-224 -1.348321098316703e-222
-1.749698367757812e-224 -1.400241480569941e-222
-1.891977470337607e-224 -1.422791025797944e-222
-2.033345790899998e-224 -1.413683205623908e-222
-2.171219126605369e-224 -1.378733357053709e-222
-2.302925492145883e-224 -1.317063655405141e-222
-2.427497389864539e-224 -1.245718977186561e-222
-2.544743202712888e-224 -1.172458128483497e-222
-2.654992409428815e-224 -1.102492067159262e-222
-2.758753785762706e-224 -1.037613763338913e-222
-2.85635938688911e-224 -9.760560112640375e-223
-2.947645227251987e-224 -9.128584036287774e-223
-3.106001460608757e-224 -1.583562333567697e-222
-3.471607375555893e-224 -3.656059149471355e-222
-3.744754888650762e-224 -2.731475130948693e-222
-3.675330039535405e-224 6.942484911535732e-223
-3.198410660445514e-224 4.769193790898909e-222
-2.263980871855379e-224 9.344297885901346e-222
-1.23937868753587e-224 1.024602184319509e-221
-3.192018400234479e-225 9.201768475124223e-222
3.72099032928991e-225 6.913008729524389e-222
7.744500275921999e-225 4.023509946632089e-222
8.57059377763045e-225 8.260935017084507e-223
4.203099213190633e-225 -4.367494564439817e-222
-2.890067162180567e-225 -7.0931663753712e-222
-9.380472020866711e-225 -6.490404858686143e-222
-1.499536313033486e-224 -5.614891109468145e-222
-1.876190047234776e-224 -3.766537342012903e-222
-1.981425982854978e-224 -1.052359356202017e-222
-1.632171463488563e-224 3.492545193664142e-222
-1.738103743647659e-224 1.161840550254424e-222
-2.330871409893445e-224 -5.927676662457864e-222
-2.527294910410839e-224 6.974427014435137e-223
-1.739802927498865e-224 7.874919829119746e-222
0 0
0 0
0 0
0 0
0 0
0 0
0 0
0 0
0 0
0 0
0 0
0 0
0 0
0 0
0 0
0 0
0 0
0 0
0 0
0 0
0 0
0 0
0 0
0 0
0 0
0 0
0 0
0 0
0 0
0 0
0 0
0 0
0 0
0 0
0 0
0 0
0 0
0 0
0 0
