0.01612614415389601 16.12614415389601
0.01617278741863977 0.04664326474375716
0.01611448335821278 -0.05830406042698841
0.01614317857130209 0.02869521308930534
0.01621619671518623 0.07301814388414526
0.01632654923612598 0.1103525209397438
0.0165022226701618 0.1756734340358293
0.01687816539279388 0.3759427226320798
0.0175695631591922 0.6913977663983196
0.01866958432049819 1.100021161305989
0.0203146831435041 1.645098823005908
0.02270775417012216 2.393071026618055
0.02619618565325223 3.488431483130078
0.03094385348741261 4.747667834160377
0.03691777393482951 5.973920447416902
0.0432715419688417 6.353768034012192
0.04936498224269135 6.093440273849643
0.05521656120797185 5.851578965280504
0.06105210029416233 5.835539086190479
0.06726937589281609 6.217275598653759
0.07424006827063628 6.970692377820193
0.08215486863241922 7.914800361782937
0.09099844311990117 8.84357448748195
0.1005630116530918 9.564568533190585
0.1104971008643629 9.934089211271118
0.1203841416816036 9.887040817240706
0.1298163882456508 9.432246564047231
0.1384520220215145 8.635633775863738
0.1460442419305122 7.592219908997694
0.1524371608965406 6.392918966028338
0.1575500757927959 5.112914896255289
0.1613601242733614 3.810048480565514
0.1638883546157598 2.52823034239838
0.1651878634235552 1.299508807795446
0.1653355805139829 0.147717090427657
0.1644270037104585 -0.9085768035244079
0.1625754691930036 -1.851534517454817
0.159911000639696 -2.664468553307597
0.1565791481114833 -3.33185252821272
0.1527377381020219 -3.841410009461393
0.1485709446364709 -4.166793465551072
0.1442594717732165 -4.311472863254312
0.1399148121680411 -4.34465960517541
0.1356090702702243 -4.30574189781685
0.1313981940906357 -4.21087617958854
0.1273284776316879 -4.069716458947825
0.1234478871737525 -3.880590457935443
0.1198001049465546 -3.647782227197846
0.1164241126210269 -3.37599232552771
0.1133472769527987 -3.076835668228237
0.1105848179736033 -2.762458979195373
0.1081734140346944 -2.411403938908901
0.1061617917605442 -2.011622274150221
0.1045709647704633 -1.590826990080896
0.103369295440335 -1.20166933012826
0.102510284587653 -0.8590108526820295
0.1019384781589725 -0.5718064286804742
0.1015919483999646 -0.346529759007938
0.1014048373288746 -0.1871110710899432
0.1013103071236667 -0.09453020520791555
0.1012433189389232 -0.06698818474351609
0.1011431562207852 -0.1001627181380499
0.1009557357686039 -0.1874204521812167
0.1006355363119551 -0.3201994566488647
0.1001465496628518 -0.4889866491032679
0.09945943599492177 -0.6871136679300477
0.09854461690459872 -0.9148190903230519
0.09737461446054398 -1.170002444054741
0.09593061583626998 -1.443998624273996
0.09420748938102338 -1.723126455246596
0.09221486927085323 -1.992620110170151
0.08997526681552553 -2.239602455327699
0.08752112102833765 -2.454145787187889
0.08489204135451665 -2.629079673820991
0.08213230817254798 -2.759733181968676
0.07928862167498629 -2.843686497561684
0.07640751611685188 -2.881105558134409
0.07353329366892226 -2.87422244792962
0.07070689584405807 -2.826397824864199
0.06796462902742592 -2.742266816632144
0.06533741154128921 -2.627217486136715
0.06285001661913273 -2.48739492215648
0.06052063649186624 -2.329380127266481
0.05836066025729708 -2.159976234569164
0.05637452943737044 -1.986130819926643
0.05456026919560492 -1.814260241765515
0.05291123807364168 -1.64903112196324
0.05141679006799728 -1.494448005644404
0.0500627526045009 -1.354037463496376
0.04883199486704329 -1.230757737457615
0.04770399793461024 -1.127996932433047
0.04665468612435417 -1.049311810256075
0.04566103232654587 -0.9936537978082957
0.04470232692548402 -0.9587054010618475
0.043758382876584 -0.943944048900025
0.04280965984809396 -0.9487230284900352
0.04183839161065638 -0.9712682374375877
0.04082854102103455 -1.009850589621823
0.03976609910621631 -1.062441914818239
0.0386395401754718 -1.126558930744509
0.03744029199002784 -1.199248185443959
0.03616308056952701 -1.277211420500836
0.03480579460582025 -1.35728596370676
0.03336968649428051 -1.436108111539734
0.03185935378922271 -1.510332705057807
0.03028244052045889 -1.576913268763819
0.02864888930472236 -1.633551215736533
0.02697050664264629 -1.678382662076067
0.02526041169189907 -1.710094950747219
0.02353243036547655 -1.727981326422517
0.02180054086040473 -1.731889505071821
0.02007862027586577 -1.721920584538964
0.01838012052107432 -1.698499754791451
0.01671750583736052 -1.662614683713797
0.01510169877877712 -1.615807058583395
0.01354199111469694 -1.559707664080182
0.01205166016624992 -1.490330948447019
0.01064646248910126 -1.405197677148661
0.009337452849764165 -1.309009639337097
0.008137504817402186 -1.199948032361979
0.007062373859691827 -1.075130957710359
0.006131136906357708 -0.9312369533341185
0.005351474843290334 -0.7796620630673746
0.004714201329762727 -0.6372735135276065
0.004201217936688075 -0.5129833930746517
0.003791491398863507 -0.4097265378245679
0.003464925668497624 -0.3265657303658837
0.003204178158400322 -0.260747510097302
0.002995132442504847 -0.2090457158954745
0.002826667789027451 -0.1684646534773964
0.00269015499435823 -0.1365127946692207
0.002578915938099312 -0.1112390562589181
0.002487763885120822 -0.09115205297849024
0.002412646048345416 -0.07511783677540546
0.00235038090915885 -0.06226513918656607
0.002298459155620682 -0.05192175353816797
0.002254889266363115 -0.04356988925756713
0.002218080451487848 -0.03680881487526681
0.002186756640795532 -0.031323810692316
0.002159892943503241 -0.02686369729229098
0.002136665240743985 -0.0232277027592564
0.002116409150734624 -0.02025609000936126
0.002098588836208809 -0.01782031452581467
0.002082776346840129 -0.01581248936868016
0.002068629812007746 -0.01414653483238328
0.002055871936157074 -0.0127578758506719
0.002044273019252706 -0.01159891690436735
0.00203363034377835 -0.01064267547435651
0.002023761591070846 -0.009868752707503647
0.002014511614622766 -0.009249976448080181
0.002005754749595666 -0.008756865027100252
0.001997391366818449 -0.008363382777216554
0.001989342011731367 -0.008049355087082124
0.001981541685116427 -0.007800326614939602
0.001973935014177846 -0.007606670938581448
0.001966472962194486 -0.007462051983359638
0.001959110942779592 -0.007362019414894512
0.001951809040841621 -0.00730190193797063
0.001944531485624282 -0.007277555217338879
0.001937244305119428 -0.007287180504854471
0.001929915578215228 -0.007328726904199615
0.001922514887479672 -0.007400690735555847
0.001915008063519943 -0.007506823959729011
0.001907369521992926 -0.007638541527017588
0.001899580554988608 -0.007788967004317658
0.001891631134950636 -0.007949420037971786
0.001883500751739151 -0.008130383211485404
0.001875172849361765 -0.008327902377385952
0.001866619911014553 -0.008552938347211559
0.001857838554559833 -0.008781356454719931
0.001848804233334033 -0.009034321225800295
0.00183949493992099 -0.009309293413043524
0.001829859954806398 -0.009634985114592015
0.001819895717698783 -0.009964237107614252
0.001809612638716497 -0.01028307898228603
0.001798998016205496 -0.01061462251100167
0.00178806293718748 -0.0109350790180162
0.001776817255017566 -0.01124568216991323
0.001765254058849285 -0.0115631961682813
0.001753356936260167 -0.01189712258911841
0.0017411092824154 -0.01224765384476691
0.001728497979862054 -0.01261130255334549
0.001715515416243521 -0.01298256361853306
0.001702159462932128 -0.01335595331139342
0.001688432312605149 -0.01372715032697878
0.001674338831311936 -0.01409348129321336
0.001659884269350243 -0.01445456196169214
0.001645073237035073 -0.01481103231517006
0.001629911097395226 -0.01516213963984698
0.001614395671817592 -0.01551542557763478
0.001598530338357993 -0.01586533345959858
0.00158234911516353 -0.01618122319446279
0.001565867925305534 -0.01648118985799591
0.001549072229726505 -0.01679569557902928
0.001531979944604271 -0.017092285122234
0.001514606336227549 -0.01737360837672183
0.001496963388824971 -0.01764294740257805
0.001479068645241408 -0.01789474358356285
0.001460952988199782 -0.01811565704162681
0.001442669529100896 -0.01828345909888501
0.00142424466991652 -0.01842485918437616
0.00140571352598867 -0.01853114392785034
0.001387103857395732 -0.0186096685929379
0.001368439284675864 -0.01866457271986767
0.001349747850836878 -0.01869143383898659
0.001331062927449713 -0.0186849233871644
0.001312418764344848 -0.01864416310486528
0.001293848591149938 -0.01857017319490967
0.001275385373452368 -0.01846321769757072
0.001257060841861493 -0.01832453159087474
0.001240131846138502 -0.01692899572299108
0.004237161625824703 2.9970297796862
0.004196099396141602 -0.04106222968310036
0.004124560560275651 -0.07153883586595143
0.004055087747330023 -0.06947281294562759
0.00398278344780875 -0.07230429952127283
0.003909259436839484 -0.07352401096926645
0.00383873429910812 -0.07052513773136374
0.00377224392319352 -0.06649037591460044
0.003710521992923041 -0.06172193027047896
0.003656045932621817 -0.054476060301224
0.003612105694279668 -0.04394023834214823
0.00358218214031695 -0.02992355396271799
0.003569622589156016 -0.01255955116093469
0.003578984401045661 0.009361811889645622
0.003614413485730387 0.03542908468472582
0.00367698502563892 0.06257153990853279
0.003768618009155579 0.09163298351665908
0.0038914482595255 0.1228302503699205
0.004378654047875028 0.4872057883495281
0.004239245221115418 -0.506176406213794
0.004461452439495183 0.2222072183797651
0.004713680194734592 0.252227755239409
0.004994410775277007 0.2807305805424152
0.005302016020899698 0.3076052456226913
0.005648696546055948 0.3466805251562495
0.006082549877117681 0.4338533310617332
0.006655867518680642 0.5733176415629611
0.00739568813794925 0.7398206192686081
0.008314306045141684 0.9186179071924341
0.009418185623994204 1.10387957885252
0.01070803871603526 1.289853092041056
0.01217868821287227 1.470649496837008
0.01382864863873743 1.649960425865163
0.01567101897279657 1.842370334059136
0.01770347453058158 2.032455557785008
0.01990145173406808 2.197977203486509
0.02223099668118595 2.329544947117866
0.02465659208114692 2.425595399960966
0.0271430860093854 2.486493928238485
0.02965346719815661 2.510381188771206
0.0321499766893187 2.496509491162095
0.03459534972628786 2.445373036969158
0.03694636234024008 2.351012613952222
0.03916181827972149 2.215455939481407
0.04121753177389127 2.055713494169775
0.04310241356142277 1.884881787531503
0.04481357442663265 1.711160865209879
0.04636884804738021 1.55527362074756
0.04777825998215959 1.409411934779385
0.04901182309024415 1.233563108084555
0.05001256107233351 1.000737982089363
0.05070186174481107 0.6893006724775635
0.05098727477918726 0.2854130343761807
0.05079387695494682 -0.1933978242404377
0.05009332000234861 -0.7005569525982066
0.04890184979603257 -1.191470206316041
0.04727972220951573 -1.622127586516836
0.04533601571075292 -1.943706498762812
0.04318428301548148 -2.151732695271441
0.04090153801454954 -2.282745000931945
0.0385218531208557 -2.379684893693834
0.03603889929804492 -2.482953822810781
0.03349940612892753 -2.539493169117391
0.0309957155765374 -2.503690552390126
0.0285948387699121 -2.400876806625305
0.02633969099775438 -2.255147772157719
0.02425574259566074 -2.083948402093638
0.02235542443309871 -1.900318162562031
0.02064167878311544 -1.713745649983268
0.01911066328100183 -1.531015502113618
0.01775395654403613 -1.356706736965696
0.01656026102861827 -1.193695515417863
0.01551660491269263 -1.043656115925641
0.01460918690304222 -0.9074180096504039
0.01382423200274522 -0.7849549002970028
0.01314909263890597 -0.6751393638392486
0.01257274139654656 -0.5763512423594148
0.01208493826151644 -0.4878031350301175
0.01167546983305435 -0.4094684284620849
0.01133424145981381 -0.3412283732405486
0.01105233465774221 -0.2819068020715934
0.01083567106516071 -0.2166635925814984
0.01072111355203491 -0.1145575131258
0.01066935972365932 -0.05175382837559715
0.01070330437278755 0.03394464912823483
0.01084837068397894 0.1450663111913896
0.01101414926425565 0.1657785802767105
0.0112251944304126 0.211045166156951
0.01150206570290226 0.2768712724896538
0.01175889170180834 0.2568259989060868
0.0120396658374155 0.280774135607155
0.01233884730360901 0.2991814661935082
0.01263336151007086 0.294514206461852
0.01291843291722913 0.2850714071582737
0.01321595766062574 0.297524743396612
0.01348872582534277 0.2727681647170244
0.0138063829366195 0.3176571112767333
0.01406662900072451 0.2602460641050134
0.01435440848736699 0.287779486642473
0.01463610236951581 0.2816938821488188
0.01490481637653306 0.2687140070172528
0.01519322938561048 0.2884130090774241
0.0154677346063165 0.2745052207060172
0.0157203335874289 0.2525989811124028
0.01601557161478397 0.2952380273550693
0.0162769200860558 0.2613484712718286
0.01651936411592043 0.2424440298646295
0.01682390787475433 0.3045437588339028
0.01706236908674543 0.2384612119911006
0.0173352637343186 0.272894647573161
0.01758614473573504 0.2508810014164448
0.01785158561164045 0.2654408759054129
0.01810773289015504 0.2561472785145916
0.01835194037140403 0.2442074812489814
0.01858640467617053 0.2344643047665039
0.01881256715971776 0.2261624835472251
0.01903032471093345 0.2177575512156901
0.01925617114913215 0.2258464381987048
0.01949509379748864 0.2389226483564925
0.01973449232146024 0.2393985239715971
0.01996081660913845 0.2263242876782076
0.02017218851819462 0.211371909056169
0.0203747898905717 0.2026013723770877
0.02057025475241499 0.1954648618432836
0.02075939132480771 0.1891365723927264
0.0209427001558265 0.1833088310187816
0.0211205097009494 0.1778095451229027
0.0212931329408773 0.1726232399278972
0.0214607066257866 0.1675736849093071
0.02162336499409193 0.1626583683053268
0.02178107011312041 0.1577051190284826
0.02193376101268155 0.1526908995611413
0.02208140114621373 0.1476401335321724
0.02222377564819213 0.1423745019784005
0.0223608916732911 0.1371160250989781
0.02249277683969651 0.1318851664054051
0.02261949349700155 0.1267166573050427
0.02274113771533704 0.1216442183354857
0.02285769181957683 0.1165541042397918
0.02296915775799824 0.1114659384214081
0.02307534007256347 0.1061823145652348
0.02317615518690219 0.1008151143387197
0.02327141720728561 0.09526202038342285
0.02336083249948316 0.08941529219754288
0.02344409026608643 0.08325776660327369
0.02352074984402696 0.07665957794053199
0.02359029354554627 0.06954370151930275
0.02365213324872774 0.06183970318147589
0.02370562120760038 0.05348795887263544
0.02375003565318716 0.04441444558678578
0.02378457267755433 0.03453702436716569
0.0238083850795283 0.023812401973973
0.02382071153219078 0.01232645266247695
0.02382089758703236 0.0001860548415784369
0.02380837523362335 -0.01252235340901131
0.02378264636773643 -0.02572886588691689
0.02374329851797092 -0.03934784976551003
0.02369003687084289 -0.05326164712803061
0.02362269960929339 -0.06733726154949798
0.02354126786076202 -0.08143174853137217
0.02344589241434581 -0.09537544641621126
0.02333696375141894 -0.1089286629268674
0.02321515377086439 -0.1218099805545547
0.02308139828108656 -0.1337554897778252
0.0229368408517117 -0.1445574293748551
0.0227826869183042 -0.1541539334075047
0.02262010415563 -0.162582762674203
0.02245026217803956 -0.1698419775904327
0.02227442656846631 -0.1758356095732522
0.02209401675205639 -0.1804098164099217
0.0219106214826713 -0.1833952693850935
0.02172597080288198 -0.1846506797893166
0.02154189154791289 -0.1840792549690912
0.02136026591630175 -0.1816256316111396
0.0211829981165262 -0.1772677997755462
0.0210119919304399 -0.1710061860863039
0.02084913926952864 -0.1628526609112578
0.02069631496439243 -0.1528243051362142
0.02055539513011075 -0.1409198342816817
0.02042827302076604 -0.1271221093447072
0.02031682207033144 -0.1114509504346016
0.02022298816093667 -0.09383390939476238
0.02014889974824554 -0.07408841269113814
0.02009678913227371 -0.0521106159718232
0.02006884282550375 -0.02794630676996104
0.0200670216502102 -0.001821175293549582
0.02009317612713914 0.02615447692893777
0.02014887640216708 0.05570027502793673
0.02023557468854034 0.08669828637326155
0.02035418585090734 0.1186111623669994
0.02050516188890118 0.1509760379938378
0.02068848414391891 0.1833222550177323
0.0209038404674764 0.2153563235574897
0.02115016305197877 0.2463225845023703
0.02142555659736581 0.2753935453870399
0.02172699775270054 0.3014411553347341
0.02205007393306369 0.3230761803631466
0.02238894188450985 0.3388679514461576
0.02273662362925961 0.3476817447497643
0.02308562535097121 0.3490017217115948
0.02342883011566827 0.3432047646970658
0.0237605078152646 0.3316776995963278
0.0240771141984036 0.3166063831389967
0.02437755916890648 0.3004449705028798
0.02466281701240541 0.2852578434989379
0.02493506830775715 0.2722512953517338
0.02519674389701482 0.2616755892576733
0.02544979961046106 0.2530557134462381
0.02569551440209035 0.2457147916292909
0.02593457723628479 0.2390628341944444
0.02616715836145834 0.2325811251735477
0.02639341034284677 0.2262519813884256
0.02661343779225354 0.2200274494067699
0.026827114777238 0.2136769849844615
0.0270343676345616 0.207252857323599
0.02723512116808772 0.2007535335261205
0.02742931605296602 0.1941948848783043
0.0276169320154449 0.1876159624788765
0.02779799216525427 0.18106014980937
0.02797259710885929 0.1746049436050258
0.02814095246473897 0.1683553558796784
0.0283033865803109 0.1624341155719231
0.02846033815190319 0.1569515715922933
0.02861228658444415 0.1519484325409638
0.0287596944514258 0.1474078669816484
0.02890288261828542 0.1431881668596188
0.02904197554606145 0.13909292777603
0.02917714009026363 0.1351645442021834
0.02928867902030351 0.1115389300398728
0.02928640196391908 -0.002277056384423354
0.02904664027546579 -0.2397616884532924
0.02843366057832489 -0.6129796971409036
0.02746949608448393 -0.9641644938409611
0.02634680093629817 -1.122695148185752
0.02523616972588662 -1.11063121041155
0.02424163125809423 -0.9945384677923913
0.02338365377835599 -0.857977479738245
0.02266859326676978 -0.715060511586204
0.02208649850495085 -0.5820947618189326
0.02015538817787943 -1.931110327071418
0.02102285334430376 0.867465166424327
0.02067578183530473 -0.3470715089990313
0.02034890574863302 -0.3268760866717048
0.02003696887484952 -0.3119368737835027
0.01973886611201496 -0.2981027628345609
0.01798513672039357 -1.753729391621394
0.02469810366094561 5.887560094732961
0.03007549011986824 -0.1079026424896448
0.0285482600636173 -1.527230056250935
0.03135225502540012 2.80399496178281
0.03298158721772356 -0.1056523916371371
0.03281513168259413 -0.1664555351294297
0.03263661637208479 -0.1785153105093376
0.03248119415333751 -0.1554222187472865
0.03223546715962951 -0.2457269937079926
0.0318502687689582 -0.3851983906713111
0.03126240089660327 -0.5878678723549302
0.03053417618982003 -0.7282247067832391
0.02967322890648869 -0.8609472833313419
0.02867818223893806 -0.9950466675506322
0.02787074364590523 -0.8074385930328283
0.02695944918389188 -0.9112944620133546
0.02578618743671812 -1.173261747173759
0.02454243309460689 -1.243754342111228
0.02329026859251852 -1.252164502088371
0.0222321428610081 -1.058125731510418
0.02129035554512795 -0.9417873158801514
0.02043938135461375 -0.850974190514199
0.01975549190188184 -0.683889452731911
0.01904961572840368 -0.70587617347816
0.01836442037681614 -0.6851953515875399
0.01773456127469187 -0.6298591021242708
0.0173289892674732 -0.4055720072186734
0 0
0 0
0 0
0 0
0 0
0 0
0 0
0 0
0 0
0 0
0 0
0 0
0 0
0 0
0 0
0 0
