-0.139039999950837 -139.039999950837
-0.1378218522842837 1.21814766655326
-0.1368983074034304 0.9235448808533053
-0.1361154757514971 0.7828316519332967
-0.1355222789658347 0.5931967856623865
-0.1351596209472141 0.3626580186205652
-0.1350447951743888 0.1148257728253166
-0.1350915134382144 -0.0467182638256014
-0.1352253536769795 -0.133840238765115
-0.1353896465470142 -0.164292870034638
-0.1354915049508501 -0.1018584038358916
-0.1353947258190101 0.09677913184000242
-0.1348784848107876 0.5162410082224511
-0.133905590086335 0.9728947244526387
-0.1325336656455159 1.371924440819072
-0.1307834660259006 1.750199619615339
-0.128621001045655 2.162464980245554
-0.1260665553364592 2.554445709195857
-0.1231975654800529 2.868989856406226
-0.1200938704369515 3.103695043101456
-0.1168128710317648 3.280999405186682
-0.1134125555710196 3.400315460745151
-0.1099588082449386 3.453747326081086
-0.1065238947744452 3.434913470493364
-0.103178967464482 3.344927309963164
-0.09998559250983161 3.193374954650427
-0.09699098592842963 2.994606581401979
-0.09422749309127974 2.763492837149883
-0.09171476123139745 2.512731859882294
-0.0894625978017117 2.252163429685747
-0.08747344205481371 1.989155746897994
-0.08574412363656196 1.729318418251746
-0.08426707163737029 1.477051999191667
-0.08303118143467396 1.235890202696335
-0.08202242110929692 1.008760325377042
-0.08122426673646987 0.7981543728270424
-0.08061814810080482 0.6061186356650511
-0.08018399638134004 0.434151719464787
-0.0799009348923654 0.2830614889746397
-0.07974634045000709 0.1545944423583107
-0.07968805991331795 0.05828053668913147
-0.07968842216586002 -0.0003622525420604594
-0.07972672407971367 -0.03830191385365
-0.07979187088368764 -0.06514680397397277
-0.07987397934525846 -0.08210846157082063
-0.07996366340520107 -0.08968405994261297
-0.08004913167321727 -0.08546826801619778
-0.08011767932964262 -0.06854765642534677
-0.08015675970840631 -0.03908037876369785
-0.08015613206124116 0.0006276471651578408
-0.08010726101533507 0.04887104590609037
-0.0799910485294098 0.1162124859252628
-0.07978113078145509 0.209917747954716
-0.07945952479670992 0.321605984745163
-0.07902761455013448 0.4319102465754482
-0.07849277013006556 0.5348444200689167
-0.07786622600130294 0.6265441287626183
-0.07716232248337959 0.7039035179233488
-0.07639766924995167 0.7646532334279199
-0.07559031298461824 0.807356265333431
-0.07475893135665476 0.8313816279634789
-0.07392206232325536 0.8368690333993983
-0.07309739226464171 0.8246700586136552
-0.07230113676077854 0.7962555038631691
-0.07154752239796752 0.753614362811017
-0.0708482642762699 0.6992581216976185
-0.07021179449603665 0.6364697802332536
-0.06964255470256947 0.56923979346718
-0.06914074648821994 0.5018082143495306
-0.06870265354291986 0.4380929453000754
-0.06832140484480709 0.3812486981127766
-0.06798782309643535 0.333581748371739
-0.06769113127476935 0.2966918216660008
-0.06741947139882654 0.2716598759428118
-0.06716029030578588 0.2591810930406557
-0.06690066538278988 0.259624922995999
-0.06662759058810068 0.2730747946892015
-0.06632821956756972 0.2993710205309585
-0.06599013526021623 0.3380843073534923
-0.06560164709119616 0.3884881690200681
-0.06515213844815788 0.4495086430382766
-0.06463243470175623 0.5197037464016591
-0.06403512961069201 0.597305091064218
-0.06335484029891308 0.6802893117789227
-0.06258833454806019 0.7665057508528944
-0.06173453017229791 0.8538043757622751
-0.06079447782259093 0.9400523497069893
-0.05977128329305036 1.023194529540569
-0.05866995327620314 1.101330016847216
-0.05749717881726271 1.172774458940429
-0.05626096119877824 1.23621761848447
-0.05496998677074958 1.290974428028661
-0.05363333072554492 1.336656045204658
-0.0522604457792555 1.372884946289427
-0.05086103777892804 1.399408000327451
-0.04944486771024822 1.416170068679827
-0.04802161187962385 1.423255830624366
-0.04660062975684827 1.420982122775583
-0.0451906720512453 1.409957705602968
-0.04379959786204271 1.39107418920259
-0.04243413125848937 1.365466603553342
-0.04109968934796756 1.334441910521809
-0.03980025986536187 1.299429482605689
-0.03853834414345277 1.261915721909097
-0.0373150007771267 1.223343366326068
-0.03612997516460186 1.185025612524843
-0.03498187811654227 1.148097048059592
-0.03386838651768982 1.113491598852448
-0.0327864193009639 1.081967216725918
-0.03173231268957895 1.054106611384956
-0.03070199298229758 1.030319707281367
-0.02969118002722736 1.010812955070217
-0.02869569643178706 0.9954835954403065
-0.02771184909601685 0.9838473357702062
-0.02673685231271878 0.9749967832980676
-0.02576891846990579 0.9679338428129937
-0.02480052928504297 0.9683891848628161
-0.02381751513336196 0.9830141516810158
-0.02280661018230465 1.010904951057309
-0.02174800760938583 1.058602572918822
-0.02061241592098605 1.135591688399773
-0.01935883413650863 1.253581784477424
-0.0179541220847838 1.404712051724832
-0.01638622801542011 1.567894069363692
-0.01465915169590965 1.727076319510454
-0.01278688287174841 1.872268824161246
-0.01078820670427246 1.998676167475941
-0.008682958863367056 2.105247840905409
-0.006489795067582016 2.19316379578504
-0.004225183529134648 2.264611538447368
-0.001941996817363919 2.283186711770729
-0.000433532360291397 1.508464457072522
0 0.433532360291397
0 0
0 0
0 0
0 0
0 0
0 0
0 0
0 0
0 0
0 0
0 0
0 0
0 0
0 0
0 0
0 0
0 0
0 0
0 0
0 0
0 0
0 0
0 0
0 0
0 0
0 0
0 0
0 0
0 0
0 0
0 0
0 0
0 0
0 0
0 0
0 0
0 0
0 0
0 0
0 0
0 0
0 0
0 0
0 0
0 0
0 0
0 0
0 0
0 0
0 0
0 0
0 0
0 0
0 0
0 0
0 0
0 0
0 0
0 0
0 0
0 0
0 0
0 0
0 0
0 0
0 0
0 0
0 0
0 0
0 0
0 0
0 0
0 0
0 0
0 0
0 0
0 0
0 0
0 0
0 0
0 0
0 0
0 0
0 0
0 0
0 0
0 0
0 0
0 0
0 0
0 0
0 0
0 0
0 0
0 0
0 0
0 0
0 0
0 0
0 0
0 0
0 0
0 0
0 0
0 0
0 0
0 0
0 0
0 0
0 0
0 0
0 0
0 0
0 0
0 0
0 0
0 0
0 0
0 0
0 0
0 0
0 0
0 0
0 0
0 0
0 0
0 0
0 0
0 0
0 0
0 0
0 0
0 0
0 0
0 0
0 0
0 0
0 0
0 0
0 0
0 0
0 0
0 0
0 0
0 0
0 0
0 0
0 0
0 0
0 0
0 0
0 0
0 0
0 0
0 0
0 0
0 0
0 0
0 0
0 0
0 0
0 0
0 0
0 0
0 0
0 0
0 0
0 0
-1.741590683785816e-05 -0.01741590683785816
-0.0004491252868844241 -0.4317093800465659
-0.0009362441446125739 -0.4871188577281498
-0.001406868239265275 -0.4706240946527009
-0.001861330321220055 -0.4544620819547805
-0.002299749770515083 -0.4384194492950272
-0.002722016577899909 -0.4222668073848266
-0.003127780975726653 -0.4057643978267441
-0.003516718467368345 -0.3889374916416916
-0.003888572610921606 -0.3718541435532613
-0.004243185093903099 -0.3546124829814927
-0.004580432675575171 -0.3372475816720722
-0.004900213770213917 -0.3197810946387455
-0.005202529884683356 -0.3023161144694395
-0.00548748602219138 -0.2849561375080243
-0.005755270073980662 -0.2677840517892813
-0.00600614377748659 -0.2508737035059284
-0.006240449913138662 -0.2343061356520721
-0.006458606761705051 -0.2181568485663888
-0.006661102308739239 -0.2024955470341884
-0.006848487507892296 -0.1873851991530569
-0.00702136690736717 -0.1728793994748741
-0.007180388559042684 -0.1590216516755135
-0.007326236189741166 -0.1458476306984823
-0.007459620241809827 -0.1333840520686604
-0.007581266085617371 -0.1216458438075439
-0.007691900698971072 -0.1106346133537012
-0.007792235800251895 -0.1003351012808231
-0.007882956551871217 -0.09072075161932219
-0.007964715233328744 -0.08175868145752704
-0.008038127942575423 -0.07341270924667888
-0.008103777021451597 -0.06564907887617391
-0.008162213532588523 -0.05843651113692644
-0.008213964447395351 -0.05175091480682723
-0.008259554710648041 -0.04559026325269035
-0.008299511905047375 -0.03995719439933362
-0.008334361122491607 -0.03484921744423275
-0.00864708994231558 -0.3127288198239725
-0.009910422731389075 -1.263332789073495
-0.01202544064368928 -2.115017912300206
-0.01433404941082127 -2.30860876713199
-0.01660419867326816 -2.27014926244689
-0.01880576497597492 -2.201566302706758
-0.02093877013777021 -2.133005161795289
-0.0230034947605579 -2.064724622787693
-0.02500055206803522 -1.997057307477314
-0.0269308809677666 -1.930328899731382
-0.02879559861300234 -1.864717645235738
-0.03059596907039629 -1.800370457393952
-0.03233335815360897 -1.737389083212679
-0.03400900827053155 -1.675650116922583
-0.03562409823810192 -1.615089967570371
-0.03717979740915477 -1.555699171052853
-0.03867714302697519 -1.497345617820417
-0.0401170524266516 -1.439909399676413
-0.04150037700956 -1.383324582908393
-0.04282793268734281 -1.32755567778281
-0.04410052639047964 -1.272593703136836
-0.04531897381051262 -1.218447420032978
-0.04648410200007382 -1.165128189561201
-0.04759674247156265 -1.112640471488832
-0.04865773389315492 -1.060991421592265
-0.04966798889255899 -1.010254999404069
-0.05062855824190809 -0.9605693493491065
-0.05154065405185994 -0.9120958099518434
-0.0524056405326102 -0.8649864807502572
-0.05322501299087997 -0.819372458269775
-0.05400037871550645 -0.7753657246264839
-0.05473343625004602 -0.7330575345395607
-0.05542595175570227 -0.6925155056562506
-0.05607973864163984 -0.6537868859375697
-0.05669665144416858 -0.616912802528749
-0.05727859056472753 -0.5819391205589483
-0.05782750229427611 -0.5489117295485735
-0.05834536855141813 -0.5178662571420217
-0.05883417854424854 -0.4888099928304149
-0.05929588878689357 -0.4617102426450262
-0.05973239938951723 -0.4365106026236604
-0.06014555552803812 -0.4131561385208871
-0.06053716474561511 -0.3916092175769922
-0.06090902074788204 -0.3718560022669265
-0.06126292450178637 -0.3539037539043374
-0.06160069545126574 -0.3377709494793713
-0.06192417276917568 -0.3234773179099371
-0.06223521349463668 -0.3110407254609954
-0.0625356903323596 -0.3004768377229267
-0.06282749029037117 -0.2917999580115682
-0.06311251501840281 -0.2850247280316437
-0.06339268394918529 -0.2801689307824762
-0.06366994222754625 -0.2772582783609617
-0.06394626791076215 -0.2763256832158945
-0.06422368648438953 -0.2774185736273832
-0.06450430121817 -0.2806147337804654
-0.06479033141192338 -0.286030193753381
-0.06508414304436658 -0.2938116324432
-0.06538827307707827 -0.3041300327116941
-0.0657054639067913 -0.3171908297130294
-0.0660387093427374 -0.3332454359460946
-0.06639130512809112 -0.3525957853537237
-0.06676690661900189 -0.3756014909107735
-0.06716958544659717 -0.4026788275952736
-0.06760391917462194 -0.4343337280247744
-0.06807512082379767 -0.4712016491757315
-0.06858916501171099 -0.5140441879133151
-0.06915291490816218 -0.5637498964511933
-0.06977422167657707 -0.6213067684148893
-0.07046193349628818 -0.6877118197111121
-0.07122576326229857 -0.7638297660103877
-0.07207597706524863 -0.8502138029500561
-0.07302286128238131 -0.9468842171326819
-0.07407598505401512 -1.053123771633815
-0.0752434299921472 -1.167444938132076
-0.07653122646264941 -1.287796470502214
-0.07794321314774932 -1.411986685099911
-0.07948137887563612 -1.5381657278868
-0.08114653616814307 -1.66515729250695
-0.08293902909109359 -1.792492922950514
-0.08485916706894196 -1.920137977848374
-0.0869073564037299 -2.048189334787939
-0.08908403802358078 -2.176681619850878
-0.09138934649567834 -2.305308472097561
-0.09382307739032442 -2.433730894646074
-0.09638483959776714 -2.561762207442725
-0.0990733802019669 -2.688540604199763
-0.1018863536226814 -2.812973420714529
-0.1048203603307239 -2.934006708042447
-0.10787074849542 -3.050388164696091
-0.1110317015761824 -3.160953080762391
-0.1142961892440983 -3.264487667915899
-0.1176559887915306 -3.359799547432318
-0.1211016989579792 -3.445710166448623
-0.1246228037617559 -3.521104803776709
-0.1282077929311231 -3.584989169367225
-0.1318442916523982 -3.636498721275083
-0.1355192341746981 -3.674942522299912
-0.139219069692662 -3.699835517963906
-0.1429298912516912 -3.710821559029159
-0.1466337099785858 -3.70381872689457
-0.1502035384355491 -3.569828456963381
-0.1533913845628605 -3.18784612731135
-0.1560284299732365 -2.637045410376043
-0.1580364582537397 -2.008028280503116
-0.1595240268130631 -1.487568559323471
-0.160643446138033 -1.119419324969895
-0.1615280567227202 -0.8846105846871677
-0.1622683083046028 -0.7402515818826227
-0.1628885332545476 -0.6202249499447365
-0.163380341426008 -0.4918081714604394
-0.1637412635559644 -0.360922129956448
-0.1515620524056436 12.17921115032081
-0.1641591983352103 -12.59714592956662
-0.1641774968206836 -0.01829848547332813
-0.164125449116593 0.05204770409053538
-0.1640081882806947 0.1172608358983585
-0.1638295388206531 0.1786494600415911
-0.1496790525477414 14.15048627291171
-0.2183059625933153 -61.06322035225254
-0.2757711678428534 -2.208419297686726
-0.264398349580683 11.37281826217035
-0.2964622080881556 -32.06385850747257
-0.316525664587302 -2.756745025738083
-0.3200731934114577 -3.54752882415571
-0.323151263863957 -3.078070452499304
-0.3253731036076355 -2.221839743678455
-0.3281830283884746 -2.809924780839079
-0.3306643475323793 -2.481319143904759
-0.3327255126714079 -2.061165139028542
-0.3343597504465337 -1.63423777512578
-0.3357192252646297 -1.359474818096063
-0.3368819357965018 -1.162710531872058
-0.3375666316436031 -0.6846958471012909
-0.3381070751372382 -0.5404434936351343
-0.338532417372187 -0.4253422349487779
-0.3387271255999468 -0.1947082277598544
-0.3386551033799103 0.07202222003649394
-0.3380991210898422 0.5559822900680911
-0.3369861598237839 1.112961266058365
-0.3353523667518754 1.633793071908474
-0.3334553525781593 1.897014173716072
-0.3309088109532924 2.546541624866894
-0.3277263078643881 3.182503088904332
-0.3240233111009483 3.702996763439825
-0.3210565664917437 2.966744609204541
0 0
0 0
0 0
0 0
0 0
0 0
0 0
0 0
0 0
0 0
0 0
0 0
0 0
0 0
0 0
0 0
