-0.1904213098211986 -190.4213098211986
-0.1582302133702396 32.19109645095905
-0.1576763231426163 0.5538902276233104
-0.157243084192294 0.4332389503222123
-0.1569720560462509 0.2710281460431285
-0.1568975159502516 0.07454009599927591
-0.157029180410008 -0.1316644597563199
-0.1572776446368999 -0.2484642268919535
-0.1575890688661652 -0.3114242292653335
-0.1579116183936144 -0.3225495274491452
-0.1581625510230534 -0.2509326294389824
-0.1582212863597657 -0.05873533671235664
-0.157903980283789 0.3173060759767421
-0.1571859258665031 0.718054417285896
-0.1561096829318016 1.076242934701488
-0.1546658616664983 1.443821265303319
-0.1528108868008081 1.854974865690168
-0.1505687147540324 2.242172046775709
-0.1480186761223015 2.550038631730922
-0.1452322894299027 2.786386692398779
-0.1422403910188901 2.991898411012633
-0.1390734201414583 3.166970877431785
-0.135798032585017 3.275387556441272
-0.1324928225232097 3.305210061807367
-0.1292369076399973 3.255914883212363
-0.1260996600066482 3.137247633349077
-0.1231356823171772 2.963977689471042
-0.1203849250419063 2.750757275270896
-0.1178752331878786 2.509691854027662
-0.11562463575128 2.25059743659857
-0.1136433665289436 1.981269222336393
-0.1119352814039956 1.708085124948078
-0.1105037071470616 1.431574256933923
-0.1093498650945935 1.153842052468185
-0.1084578121399506 0.892052954642869
-0.1077888256848021 0.6689864551484848
-0.107331793863069 0.4570318217330949
-0.1070816160376969 0.2501778253720804
-0.1070327151293892 0.04890090830778071
-0.1071677244774501 -0.1350093480609188
-0.1074384126444157 -0.2706881669655992
-0.1077737312615205 -0.3353186171047851
-0.108136678662539 -0.3629474010185818
-0.1085132236096723 -0.3765449471332533
-0.1088948560352424 -0.3816324255701414
-0.10925158463404 -0.3567285987975399
-0.1095462223268389 -0.2946376927989436
-0.1097731975752244 -0.2269752483855247
-0.1099370572754838 -0.1638597002593528
-0.1100309574242156 -0.09390014873177088
-0.1100061708026097 0.02478662160586287
-0.1098538757970082 0.1522950056014744
-0.1095688185089132 0.285057288095053
-0.1091237660595564 0.4450524493567615
-0.1085048589463756 0.6189071131808138
-0.1077259678683856 0.778891077990021
-0.1068057386664564 0.9202292019291902
-0.1057655470893824 1.04019157707394
-0.1046286454901014 1.136901599281023
-0.103419292728688 1.209352761413429
-0.1021618706668697 1.257422061818281
-0.1008800571917256 1.281813475144111
-0.09959622812708012 1.283829064645484
-0.09833094976659675 1.265278360483374
-0.09710248842789496 1.228461338701789
-0.09592617878876301 1.176309639131942
-0.09481361552592082 1.112563262842189
-0.09377217350624384 1.041442019676986
-0.09280510653081653 0.9670669754273109
-0.09191213278261005 0.8929737482064742
-0.09109021072359016 0.8219220590198889
-0.09033417748887643 0.7560332347137377
-0.08963715120389165 0.6970262849847753
-0.08899080958830272 0.6463416155889357
-0.08838561033413486 0.6051992541678541
-0.08781093699485351 0.5746733392813508
-0.08725532948628818 0.5556075085653284
-0.08670678436331969 0.548545122968494
-0.08615303608044785 0.5537482828718437
-0.08558187247348797 0.5711636069598708
-0.08498147744938775 0.6003950241002254
-0.08434079862145005 0.6406788279376963
-0.0836498899498917 0.6909086715583546
-0.08290023115890527 0.7496587909864294
-0.08208498338785815 0.8152477710471201
-0.08119913475683695 0.8858486310212021
-0.08023956162734273 0.9595731294942123
-0.07920506253646933 1.0344990908734
-0.07809639146082537 1.108671075643969
-0.07691616751125058 1.180223949574788
-0.07566871683165452 1.247450679596057
-0.07435975874533186 1.308958086322656
-0.07299589393424993 1.36386481108193
-0.07158447270524833 1.411421229001605
-0.07013357596086101 1.450896744387323
-0.06865187876532697 1.481697195534037
-0.06714842165346505 1.503457111861922
-0.06563227847810163 1.516143175363416
-0.06411218434497401 1.52009413312762
-0.06259618343444513 1.516000910528878
-0.06109136060001464 1.504822834430493
-0.05960365940848991 1.487701191524728
-0.05813778056399563 1.465878844494284
-0.05669714097747281 1.440639586522817
-0.05528393564202116 1.413205335451646
-0.05389925222019896 1.3846834218222
-0.05254326718197512 1.355985038223845
-0.05121543155561835 1.327835626356771
-0.04991462864574779 1.300802909870558
-0.04863931528533619 1.275313360411603
-0.04738761644281441 1.251698842521777
-0.04615742141201389 1.230195030800525
-0.04494654826673535 1.210873145278534
-0.04375296788562915 1.193580381106202
-0.04257506668676126 1.177901198867889
-0.04141181583851101 1.163250848250252
-0.04026288838264916 1.148927455861849
-0.03912877415519977 1.134114227449384
-0.03801034681721377 1.118427337986005
-0.03690103937473322 1.109307442480549
-0.03577322992238366 1.127809452349561
-0.03458116493782621 1.192064984557449
-0.03328722217501071 1.293942762815498
-0.03186944773693486 1.41777443807585
-0.03032000640356702 1.549441333367846
-0.02864238260027858 1.677623803288435
-0.02684768089961051 1.794701700668075
-0.02494897744039037 1.898703459220139
-0.02294846887129872 2.000508569091644
-0.02084424230821121 2.104226563087515
-0.0188006482362619 2.043594071949314
-0.01772819458625336 1.072453650008538
-0.01714043280103821 0.587761785215149
-0.01665543743903668 0.4849953620015279
-0.01612331630775603 0.532121131280653
-0.01555219517131016 0.5711211364458676
-0.01495023941851643 0.6019557527937348
-0.01432478554527358 0.6254538732428493
-0.01368201406750062 0.6427714777729586
-0.01302699380578546 0.6550202617151575
-0.01236386176320576 0.663132042579697
-0.01169588741668763 0.6679743465181336
-0.01102574074586615 0.6701466708214782
-0.01035574802623191 0.669992719634237
-0.009687971650594245 0.6677763756376687
-0.009024211080218609 0.6637605703756367
-0.008365996224626596 0.6582148555920129
-0.007714598477880393 0.6513977467462028
-0.007071059318919987 0.6435391589604058
-0.006436226463140111 0.6348328557798759
-0.005810788836220908 0.6254376269192027
-0.005195305867151136 0.615482969069772
-0.004590230080769812 0.6050757863813246
-0.003995923886616699 0.594306194153113
-0.003412671867555777 0.5832520190609219
-0.002840690605347379 0.5719812622083974
-0.002280137566590536 0.5605530387568437
-0.001731119732688755 0.5490178339017805
-0.001193703951649572 0.5374157810391831
-0.0006679237188289345 0.5257802328206376
-0.0001611731527332961 0.5067505660956383
0 0.1611731527332961
0 0
0 0
0 0
0 0
0 0
0 0
0 0
0 0
0 0
0 0
0 0
0 0
0 0
0 0
0 0
0 0
0 0
0 0
0 0
0 0
0 0
0 0
0 0
0 0
0 0
0 0
0 0
0 0
0 0
0 0
0 0
0 0
0 0
0 0
0 0
0 0
0 0
0 0
0 0
0 0
0 0
0 0
0 0
0 0
0 0
0 0
0 0
0 0
0 0
0 0
0 0
0 0
0 0
0 0
0 0
0 0
0 0
0 0
0 0
0 0
0 0
0 0
0 0
0 0
0 0
0 0
0 0
0 0
0 0
0 0
0 0
0 0
0 0
0 0
0 0
0 0
0 0
0 0
0 0
0 0
0 0
0 0
0 0
0 0
0 0
0 0
0 0
0 0
0 0
0 0
0 0
0 0
0 0
0 0
0 0
0 0
0 0
0 0
0 0
0 0
0 0
0 0
0 0
0 0
0 0
0 0
0 0
0 0
0 0
0 0
0 0
0 0
0 0
0 0
0 0
0 0
0 0
0 0
0 0
0 0
0 0
0 0
0 0
0 0
0 0
0 0
0 0
0 0
0 0
0 0
0 0
0 0
0 0
0 0
0 0
0 0
0 0
0 0
0 0
0 0
0 0
0 0
0 0
0 0
0 0
0 0
0 0
0 0
0 0
0 0
0 0
0 0
0 0
0 0
0 0
0 0
0 0
0 0
0 0
0 0
0 0
0 0
0 0
0 0
0 0
0 0
0 0
0 0
0 0
0 0
0 0
0 0
0 0
0 0
0 0
-9.535827341622277e-06 -0.009535827341622278
-0.001007267384921863 -0.9977315575802403
-0.003144914312082045 -2.137646927160182
-0.005401399364510321 -2.256485052428276
-0.007593486616191955 -2.192087251681635
-0.009720834823537101 -2.127348207345146
-0.012013459339356 -2.292624515818901
-0.01448125100943148 -2.46779167007548
-0.01687106181174439 -2.389810802312908
-0.01918315790242042 -2.312096090676032
-0.02141812311565143 -2.234965213231004
-0.02357679762773492 -2.158674512083489
-0.02566000795379796 -2.083210326063047
-0.02766890953565211 -2.008901581854149
-0.02960450284861624 -1.93559331296413
-0.0314678814872122 -1.863378638595963
-0.03325998999610708 -1.792108508894871
-0.03498168699278625 -1.721696996679178
-0.0366337552934425 -1.652068300656242
-0.03821691552763466 -1.583160234192159
-0.03973182212263438 -1.514906594999726
-0.04117908826502886 -1.447266142394481
-0.04255930773556816 -1.380219470539297
-0.04387304425339379 -1.313736517825626
-0.04512084098026404 -1.247796726870254
-0.04630327902105382 -1.182438040789782
-0.04742105339859604 -1.117774377542215
-0.04847503046152319 -1.053977062927154
-0.04946627688251758 -0.9912464209943863
-0.05039606313680305 -0.9297862542854765
-0.05126585598929065 -0.8697928524875955
-0.05207730897130223 -0.8114529820115803
-0.05283224861924324 -0.7549396479410094
-0.05353265513715393 -0.7004065179106941
-0.05418064450755034 -0.6479893703964026
-0.05477846135104268 -0.5978168434923464
-0.0553284672252367 -0.550005874194015
-0.05583311440785383 -0.5046471826171336
-0.05629490955501763 -0.4617951471638029
-0.05671636065823276 -0.4214511032151272
-0.05709993246262524 -0.3835718043924755
-0.0574480305028497 -0.3480980402244607
-0.05776300370453696 -0.3149732016872603
-0.0580471491987057 -0.2841454941687402
-0.05830271101579135 -0.2555618170856505
-0.05853188359779798 -0.229172582006637
-0.05873681883783616 -0.2049352400381732
-0.05891963309655115 -0.1828142587149903
-0.0590824131876897 -0.1627800911385563
-0.05922722155785857 -0.1448083701688641
-0.05935610168123834 -0.1288801233797765
-0.05947108561389913 -0.1149839326607879
-0.05957420525785356 -0.1031196439544302
-0.05966750666980288 -0.0933014119493189
-0.05975306526582529 -0.08555859602240451
-0.05983301103837824 -0.0799457725529501
-0.05990956363737453 -0.07655259899629063
-0.05998507353146888 -0.07550989409435549
-0.06006205940329792 -0.07698587182904115
-0.06014324077562096 -0.08118137232303313
-0.0602315759714873 -0.08833519586634586
-0.0603303170086621 -0.09874103717479737
-0.06044308349772613 -0.1127664890640326
-0.06057392552739878 -0.1308420296726454
-0.06072737958424843 -0.1534540568496473
-0.06090857803834203 -0.1811984540936035
-0.0611233672348447 -0.2147891965026683
-0.06137843607917516 -0.2550688443304638
-0.06168142632242174 -0.3029902432465786
-0.06204101015920206 -0.3595838367803222
-0.06246679765894615 -0.4257874997440833
-0.06296913802320386 -0.5023403642577181
-0.0635587353592765 -0.5895973360726392
-0.06424606169928607 -0.6873263400095642
-0.06504064513403741 -0.7945834347513475
-0.06595042549383373 -0.9097803597963167
-0.06698140932898801 -1.030983835154278
-0.068137763768405 -1.156354439416987
-0.06942227899344955 -1.284515225044552
-0.07083695295688811 -1.414673963438556
-0.07238344049140559 -1.546487534517485
-0.07406318936690179 -1.679748875496198
-0.07587747492551102 -1.814285558609227
-0.07782730311610336 -1.949828190592348
-0.07991317834512129 -2.085875229017931
-0.08213476594623419 -2.221587601112893
-0.08449091664147138 -2.356150695237189
-0.08697948551320414 -2.488568871732766
-0.08959742501029339 -2.617939497089244
-0.09234064717676334 -2.743222166469952
-0.09520408278919229 -2.863435612428952
-0.09818164607437835 -2.977563285186058
-0.1012661628908721 -3.084516816493743
-0.1044493244978441 -3.183161606972046
-0.1077217185001389 -3.272394002294732
-0.11107271499848 -3.350996498341086
-0.1144906923455603 -3.417977347080353
-0.1179631265823328 -3.472434236772445
-0.1214767175688482 -3.513590986515422
-0.1250175574714618 -3.54083990261364
-0.1285713306612145 -3.553773189752668
-0.1321235312016832 -3.552200540468675
-0.1355125820906609 -3.389050888977757
-0.1383804946878728 -2.867912597211919
-0.1405932421554057 -2.212747467532888
-0.1422324459782349 -1.639203822829199
-0.1434385316584376 -1.206085680202668
-0.1443350554859913 -0.8965238275537579
-0.1449279113824291 -0.5928558964377606
-0.1452801753561974 -0.3522639737682798
-0.1454098115552531 -0.1296361990557326
-0.1453264396703458 0.08337188490728509
-0.1450818691537301 0.2445705166157219
-0.1445205541095129 0.5613150442172476
-0.1440148116789086 0.5057424306042224
-0.1434403203494869 0.5744913294217224
-0.1427895798600908 0.6507404893961455
-0.1420728231456392 0.7167567144515385
-0.1412983151633919 0.7745079822473466
-0.1400419758173892 1.256339346002694
-0.1412160063097715 -0.1968339913784589
-0.1410383839336283 0.1776223761432438
-0.1402808831868189 0.8805985640204517
-0.1391186829279902 1.162200258828627
0 0
0 0
0 0
0 0
0 0
0 0
0 0
0 0
0 0
0 0
0 0
0 0
0 0
0 0
0 0
0 0
0 0
0 0
0 0
0 0
0 0
0 0
0 0
0 0
0 0
0 0
0 0
0 0
0 0
0 0
0 0
0 0
0 0
0 0
0 0
0 0
0 0
0 0
0 0
