0.01493170328899719 14.93170328899719
0.01539137318658807 0.4596698975908829
0.01595693483528365 0.5655616486955721
0.01644433072634222 0.4873958910585688
0.0168163721808927 0.3720414545504875
0.01705970114854772 0.2433289676550161
0.01715874039612135 0.09903924757363042
0.0170462541938702 -0.1124862022511448
0.01674484450401575 -0.3014096898544503
0.01627287205562691 -0.471972448388841
0.01560424068994758 -0.6686313656793351
0.01474322119193601 -0.8610194980115705
0.01370754387537259 -1.035677316563418
0.01252343949875579 -1.184104376616798
0.01121519982822428 -1.30823967053151
0.009689652933137352 -1.525546895086929
0.007864864078516701 -1.824788854620651
0.00578747044708866 -2.077393631428041
0.003544314030079279 -2.243156417009381
0.001356803064995926 -2.187510965083353
0.0002956699928094216 -1.061133072186504
0 -0.2956699928094216
0 0
0 0
0 0
0 0
0 0
0 0
0 0
0 0
0 0
0 0
0 0
0 0
0 0
0 0
0 0
0 0
0 0
0 0
0 0
0.0001378734611786977 0.1378734611786977
0.000735856745915637 0.5979832847369393
0.00169017729386633 0.9543205479506931
0.002911367784165991 1.22119049029966
0.004104007533786432 1.192639749620442
0.005248755065247038 1.144747531460605
0.006362719853179267 1.113964787932229
0.007372003163254237 1.00928331007497
0.008265820789921562 0.8938176266673256
0.009137917589372062 0.8720967994504999
0.009889846388553792 0.7519287991817302
0.01059537421984054 0.7055278312867505
0.01122920696660191 0.6338327467613654
0.0118607513938523 0.6315444272503891
0.01245542462888585 0.5946732350335521
0.01303399472324867 0.5785700943628184
0.01360048690304495 0.5664921797962786
0.01416238661258838 0.5618997095434304
0.01472645722415774 0.5640706115693662
0.01529836334014228 0.571906115984535
0.0158823889607044 0.5840256205621209
0.01648125243111949 0.5988634704150869
0.01709602035077216 0.6147679196526756
0.01772632043980427 0.6303000890321119
0.01837199570354248 0.6456752637382032
0.01903604806830051 0.6640523647580345
0.01972357839133621 0.6875303230357011
0.02043897045296475 0.7153920616285343
0.02119030874406305 0.7513382910983059
0.02197359695142813 0.78328820736508
0.02279577278395873 0.8221758325305979
0.02364752030768499 0.8517475237262602
0.0245524226282003 0.9049023205153078
0.0254392117539549 0.8867891257546001
0.02634673737576144 0.9075256218065431
0.02726653500411447 0.9197976283530293
0.02821190054597665 0.9453655418621802
0.02916925963865882 0.9573590926821689
0.03013879689194418 0.9695372532853574
0.03111847644657957 0.9796795546353904
0.03210641761015958 0.9879411635800133
0.03310110290329574 0.9946852931361633
0.03410138725720195 1.000284353906207
0.03510654130564388 1.005154048441932
0.03611638624531996 1.009844939676076
0.03713117772248566 1.014791477165697
0.03815138830423249 1.020210581746839
0.03917763909658906 1.026250792356569
0.04021066153831477 1.033022441725706
0.04125154665283039 1.040885114515617
0.04230255250886942 1.051005856039032
0.04336656387967373 1.064011370804314
0.04444602082174397 1.079456942070234
0.04554276748226885 1.09674666052488
0.04665826998517617 1.115502502907324
0.04779356375901908 1.135293773842909
0.04894953790799912 1.155974148980041
0.05012668393970316 1.177146031704039
0.05132320214942141 1.19651820971825
0.05253910817592117 1.215906026499757
0.05377036172421967 1.231253548298505
0.05503011870509109 1.259756980871413
0.05626524654053286 1.235127835441774
0.05758140577795488 1.316159237422024
0.05887258706442228 1.291181286467401
0.06018178930203881 1.309202237616526
0.06150550270567192 1.32371340363311
0.06279691867412757 1.291415968455646
0.0640391434417998 1.242224767672231
0.06522278429362731 1.183640851827511
0.06631569633645346 1.092912042826147
0.06739200272388721 1.076306387433751
0.06845377248884085 1.061769764953646
0.0695087700151461 1.054997526305251
0.07056079413646452 1.052024121318412
0.07164648781985372 1.085693683389205
0.07266876123978316 1.022273419929443
0.07381531418884829 1.146552949065127
0.07491718727731757 1.101873088469277
0.07602523859860742 1.108051321289855
0.07722104204856091 1.195803449953486
0.07834563428236901 1.124592233808105
0.0795397659858435 1.194131703474488
0.08073918344604973 1.199417460206228
0.08194244429034689 1.203260844297158
0.08315341827188739 1.210973981540506
0.0843720361393502 1.218617867462801
0.08559556025560017 1.223524116249971
0.08682154584300522 1.225985587405054
0.0880484159304048 1.226870087399579
0.08927506925539122 1.226653324986421
0.09050063066884374 1.225561413452522
0.09172442083178767 1.223790162943925
0.09294590998485147 1.221489153063804
0.09416469878873507 1.218788803883597
0.09538051440573099 1.215815616995922
0.09659320087563183 1.212686469900845
0.09780268865761541 1.20948778198357
0.09900896471142859 1.206276053813182
0.1002120539214255 1.203089209996899
0.1014120114879207 1.199957566495186
0.1026089116741929 1.196900186272248
0.1038028161212729 1.19390444707998
0.1049937579866442 1.190941865371345
0.1061817508630028 1.187992876358582
0.1073668120851366 1.185061222133729
0.1085490274820707 1.18221539693418
0.1097285915715807 1.179564089509991
0.1109057791901842 1.177187618603512
0.1120808936204859 1.175114430301702
0.1132542167536843 1.173323133198401
0.1144259763230632 1.171759569378886
0.1155963373108959 1.170360987832686
0.1167654092673841 1.169071956488229
0.1179332603962125 1.167851128828404
0.119099932507873 1.166672111660494
0.1202654554859031 1.16552297803002
0.1214298561696978 1.164400683794753
0.1225931555239187 1.163299354220909
0.1237553616597648 1.162206135846028
0.1249164622210584 1.161100561293649
0.126076439062613 1.159976841554639
0.127235237502671 1.158798440057923
0.1283927548448196 1.157517342148667
0.1295488147206021 1.156059875782489
0.1307032318217478 1.154417101145666
0.1318558073091077 1.152575487359919
0.1330063911072112 1.150583798103511
0.1341547338237085 1.148342716497303
0.1353004390772619 1.145705253553342
0.1364430181865152 1.142579109253306
0.1375823586411474 1.139340454632265
0.1387183051794806 1.135946538333127
0.1398506048857584 1.132299706277817
0.140979017457613 1.128412571854587
0.142103164201665 1.124146744052062
0.1432226575660094 1.119493364344332
0.1443371819024701 1.114524336460754
0.1454465336960235 1.10935179355337
0.1465506455565502 1.104111860526752
0.1476495782023296 1.098932645779371
0.1487434839411013 1.093905738771661
0.1498325734193012 1.089089478199967
0.1509170969885506 1.084523569249374
0.1519973397685247 1.080242779974094
0.1530736304256294 1.076290657104712
0.1541463548165976 1.072724390968172
0.1552159605756133 1.069605759015713
0.1562829931973938 1.067032621780512
0.1573480817427736 1.065088545379761
0.1584117602853174 1.063678542543828
0.1594746209951022 1.062860709784813
0.1605374041303351 1.062783135232864
0.1616008542567719 1.063450126436799
0.1626657461815608 1.06489192478898
0.1637329189344467 1.067172752885842
0.1648031496231308 1.070230688684087
0.1658771739989727 1.07402437584192
0.1669555095766705 1.07833557769782
0.1680386860777377 1.083176501067179
0.1691271196052226 1.088433527484917
0.170221225711152 1.094106105929388
0.1713214177486461 1.100192037494147
0.1724280609151897 1.106643166543575
0.1735414348081308 1.113373892941083
0.1746617131946635 1.120278386532725
0.17578895685395 1.127243659286431
0.1769231122539976 1.134155400047604
0.1780640205322425 1.140908278244951
0.1792041310759891 1.140110543746575
0.158009762551336 -21.19436852465309
0.1584510088025458 0.4412462512098092
0.1584947909430448 0.04378214049896578
0.1586117090444418 0.1169181013969955
0.1587756960219492 0.1639869775074687
0.1590046954764835 0.2289994545343066
0.1593152785194554 0.3105830429718237
0.1597134094617385 0.3981309422831647
0.1601888811185483 0.4754716568097228
0.1607212991281949 0.5324180096466791
0.161289902004623 0.5686028764280426
0.1618785680417423 0.5886660371192953
0.162475824560427 0.5972565186847523
0.1630727627133192 0.5969381528921902
0.1636609779217011 0.5882152083819259
0.1642337836737529 0.5728057520517915
0.1647852125760336 0.5514289022806873
0.1653088665041329 0.5236539280992492
0.1625126211882644 -2.796245315868445
0.1650696606305879 5.991423624606029
0.1637285170290621 -1.341143601525763
0.1622343121984153 -1.494204830646773
0.1608846061725908 -1.349706025824571
0.1599648085941873 -0.919797578403464
0.1591153277039692 -0.8494808902181072
0.1582897439732953 -0.8255837306738734
0.1574424532432594 -0.8472907300359211
0.156531583096681 -0.9108701465783964
0.1555204367864264 -1.01114631025459
0.1543788687869035 -1.141567999522947
0.1530848187983093 -1.29404998859417
0.1516251925295736 -1.459626268735692
0.1499909934182025 -1.634199111371082
0.1481661456207011 -1.824847797501389
0.1461324825061851 -2.033663114516027
0.1438865188080828 -2.24596369810226
0.1414439291485399 -2.442589659542915
0.1388361132047223 -2.607815943817593
0.1361014579561662 -2.734655248556095
0.1332775984741468 -2.823859482019436
0.1303970945515054 -2.880503922641358
0.1274863409009025 -2.910753650602921
0.1245663284075343 -2.920012493368193
0.1216535072492981 -2.912821158236198
0.1187599156679028 -2.893591581395377
0.1158923959715821 -2.867519696320611
0.1130530445525867 -2.839351418995467
0.1102414997078534 -2.811544844733282
0.1074569240937044 -2.784575614148979
0.1046987826965139 -2.758141397190481
0.1019670404900225 -2.731742206491458
0.0992621629381132 -2.704877551909277
0.09658503609869741 -2.677126839415789
0.09393677736689185 -2.648258731805561
0.09131827508562712 -2.618502281264728
0.08872866603240367 -2.589609053223446
0.08616247233885717 -2.566193693546506
0.08360910918571436 -2.553363153142807
0.08105546810646225 -2.553641079252114
0.07848837835516607 -2.567089751296173
0.07589550814650284 -2.592870208663236
0.0732665005687721 -2.629007577730741
0.07059402729404816 -2.672473274723933
0.06787271246389012 -2.721314830158042
0.0650981897716499 -2.774522692240225
0.06226700383382224 -2.831185937827656
0.05937659576820921 -2.890408065613033
0.05642526043867033 -2.951335329538882
0.0534122767651919 -3.012983673478423
0.05033789764356193 -3.074379121629972
0.0472033268397689 -3.134570803793035
0.04401069565727712 -3.192631182491773
0.04076308686447497 -3.247608792802156
0.03746458497320728 -3.298501891267687
0.03412020329845433 -3.344381674752955
0.03073567912704553 -3.384524171408793
0.02731708990338674 -3.418589223658796
0.02387043636853048 -3.446653534856257
0.02040125323385775 -3.469183134672732
0.01691422992483704 -3.487023309020703
0.0134392966835834 -3.474933241253642
0.0100621632033739 -3.377133480209502
0.006936120550316492 -3.126042653057408
0.00408612420977502 -2.849996340541471
0.001582012904383766 -2.504111305391254
0.0002099451413096982 -1.372067763074068
0 -0.2099451413096982
0 0
0 0
0 0
0 0
0 0
0 0
0 0
0 0
0 0
0 0
0 0
0 0
0 0
0 0
0 0
0 0
0 0
0 0
0 0
0 0
0 0
0 0
0 0
0 0
0 0
0 0
0 0
0 0
0 0
0 0
0 0
0 0
0 0
0 0
0 0
0 0
0 0
0 0
0 0
0 0
0 0
0 0
0 0
0 0
0 0
0 0
0 0
0 0
0 0
0 0
0 0
0 0
0 0
0 0
0 0
0 0
0 0
0 0
0 0
0 0
0 0
0 0
0 0
0 0
0 0
0 0
0 0
0 0
0 0
0 0
0 0
0 0
0 0
0 0
0 0
0 0
0 0
0 0
0 0
0 0
0 0
0 0
0 0
0 0
0 0
0 0
0 0
0 0
0 0
0 0
0 0
0 0
0 0
0 0
0 0
0 0
0 0
0 0
0 0
0 0
0 0
0 0
0 0
0 0
0 0
0 0
0 0
0 0
0 0
0 0
0 0
0 0
0 0
0 0
0 0
0 0
0 0
0 0
0 0
0 0
0 0
0 0
0 0
0 0
0 0
0 0
0 0
0 0
0 0
0 0
0 0
0 0
0 0
0 0
0 0
0 0
0 0
0 0
0 0
0 0
0 0
0.0004461019784917387 0.4461019784917387
0.00176112856605602 1.315026587564281
0.003536715872731653 1.775587306675633
0.005175226304632612 1.638510431900959
0.006162674009708042 0.9874477050754292
0.006739027150445627 0.5763531407375856
0.007140952238627075 0.4019250881814483
0.007517875149409058 0.3769229107819828
0.007890835931801895 0.3729607823928366
0.008267333060760964 0.3764971289590691
0.008649327259528326 0.381994198767362
0.01022095800132634 1.571630741798011
0.009642101416395325 -0.5788565849310124
0.01006185219597817 0.419750779582841
0.01049931991218234 0.4374677162041745
0.01095834761544281 0.4590277032604749
0.0114425611339585 0.4842135185156807
0.01332397765188024 1.881416517921746
0.007378089593381021 -5.082015832781104
0.002461591831080674 0.1249345283743115
0.003748064793392709 1.286472962312035
0.00145182066699857 -2.296244126394139
0 0
0 0
0 0
0 0
0 0
0 0
0 0
0 0
0 0
0 0
0 0
0 0
0 0
0 0
0 0
0 0
0 0
0 0
0 0
0 0
0 0
0 0
0 0
0 0
0 0
0 0
0 0
0 0
0 0
0 0
0 0
0 0
0 0
0 0
0 0
0 0
0 0
0 0
0 0
