0.008993901647133529 8.99390164713353
0.01291352041254371 3.919618765410184
0.01338707944335859 0.4735590308148733
0.01379125615201814 0.4041767086595503
0.01409427655437896 0.3030204023608246
0.01428593658021241 0.1916600258334462
0.01435408523182852 0.06814865161611575
0.01423627189281189 -0.117813339016639
0.01396256601256887 -0.2737058802430147
0.01353422790749414 -0.4283381050747287
0.01293467174318015 -0.5995561643139958
0.01217028293647392 -0.7643888067062309
0.01125641944525186 -0.9138634912220517
0.01021560926643013 -1.04081017882173
0.009059866378834325 -1.155742887595809
0.007667475060607563 -1.392391318226762
0.005990692795569474 -1.676782265038089
0.004087876458307149 -1.902816337262325
0.00210208431127863 -1.985792147028519
0.0004556902123468475 -1.646394098931782
0 -0.4556902123468475
0 0
0 0
0 0
0 0
0 0
0 0
0 0
0 0
0 0
0 0
0 0
0 0
0 0
0 0
0 0
0 0
0 0
0 0
0 0
0 0
1.817563621743374e-05 0.01817563621743374
0.0001544081964220042 0.1362325602045704
0.0004841038505723264 0.3296956541503223
0.001143720985635659 0.6596171350633322
0.00200465904319223 0.8609380575565709
0.002809459563549323 0.8048005203570934
0.003638252036217284 0.8287924726679613
0.00451913616065197 0.8808841244346858
0.005348867483476279 0.8297313228243092
0.006112223310306325 0.7633558268300457
0.006793193118218275 0.6809698079119501
0.007416610577426485 0.6234174592082099
0.007998564752163663 0.5819541747371778
0.008497904335769283 0.4993395836056201
0.00900968310860437 0.5117787728350868
0.009500492484874523 0.490809376270154
0.009981777434824845 0.4812849499503217
0.01045434443717876 0.4725670023539141
0.01092577543542146 0.4714309982427021
0.01140285355868772 0.4770781232662606
0.01189124821153407 0.4883946528463513
0.01239527519997125 0.5040269884371753
0.01291782679658143 0.5225515966101827
0.01346082725122867 0.5430004546472366
0.01402764009507334 0.5668128438446711
0.01462442945989098 0.5967893648176417
0.01526297070382255 0.6385412439315671
0.01593140584453361 0.6684351407110576
0.01664454073648972 0.7131348919561104
0.01739242687354445 0.7478861370547353
0.01820135303117372 0.8089261576292688
0.01903413947949594 0.8327864483222216
0.01988736065559778 0.8532211761018427
0.02075478228423068 0.8674216286328994
0.02164432323172599 0.8895409474953055
0.02254616175218765 0.9018385204616653
0.02346044329346551 0.9142815412778518
0.02438281762147231 0.9223743280068059
0.02531422352892376 0.9314059074514505
0.02622683970996774 0.9126161810439799
0.02716019223074628 0.9333525207785403
0.02806370169253793 0.9035094617916434
0.0289858719285026 0.9221702359646783
0.0299017429396733 0.9158710111706985
0.03081534192932952 0.9135989896562127
0.03172783260048308 0.9124906711535686
0.03263994383065868 0.912111230175594
0.03355226923033867 0.9123253996799959
0.03446607527584382 0.9138060455051444
0.03538279384962369 0.9167185737798678
0.03630429543570414 0.9215015860804532
0.03723326298795229 0.9289675522481458
0.03817212240045355 0.9388594125012625
0.03912245057126243 0.9503281708088812
0.04008504516783667 0.9625945965742455
0.04106012605815067 0.9750808903139992
0.04204756042522836 0.9874343670776899
0.04304710414037387 0.9995437151455108
0.0440584894850469 1.011385344673023
0.04508004729105324 1.021557806006344
0.04611390557659635 1.033858285543109
0.0471564802579137 1.042574681317354
0.04821609632389751 1.059616065983801
0.0492790273377952 1.062931013897699
0.05035920285968548 1.080175521890277
0.05145570113934378 1.096498279658298
0.05254320293754675 1.087501798202967
0.05364370754559936 1.10050460805261
0.05471244874458699 1.06874119898763
0.05569331797052315 0.9808692259361609
0.05662919065100001 0.9358726804768666
0.05753400682272416 0.9048161717241445
0.05843537494825236 0.9013681255282054
0.05933394229492303 0.8985673466706673
0.06023545197457521 0.9015096796521834
0.06104922629386121 0.8137743192859966
0.06199881386407598 0.949587570214766
0.06288918647435864 0.8903726102826581
0.06378109800061377 0.8919115262551319
0.06474129181489237 0.960193814278601
0.06571298732419546 0.9716955093030943
0.06669309268520184 0.9801053610063726
0.06765341178292658 0.9603190977247461
0.06864751928008493 0.9941074971583502
0.06964444115466718 0.9969218745822517
0.07064826780973295 1.003826655065765
0.07165779117468174 1.009523364948792
0.07267128805984019 1.013496885158449
0.07368706379964131 1.01577573980112
0.07470381935391138 1.016755554270068
0.07572068797237899 1.016868618467615
0.07673703072665866 1.01634275427967
0.07775236491288033 1.01533418622167
0.07876631445865875 1.013949545778422
0.07977859943090657 1.012284972247812
0.0807890450763401 1.010445645433539
0.08179758462162434 1.008539545284237
0.08280422759363158 1.006642972007241
0.08380902785490178 1.0048002612702
0.08481206337278305 1.003035517881265
0.08581342569158308 1.001362318800034
0.08681320912639343 0.9997834348103446
0.0878114887031075 0.9982795767140701
0.08880829599879259 0.9968072956850899
0.08980362179942641 0.9953258006338284
0.09079743541490223 0.9938136154758193
0.09178972676083495 0.9922913459327193
0.09278056697332689 0.9908402124919335
0.09377011071634948 0.9895437430225973
0.09475855710038025 0.9884463840307695
0.09574610625439846 0.9875491540182052
0.09673292204461544 0.9868157902169772
0.09771911617544549 0.9861941308300509
0.09870474968610742 0.9856335106619291
0.099689844480538 0.9850947944305827
0.1006743989864606 0.9845545059225524
0.1016584042879067 0.9840053014461558
0.1026418502146172 0.9834459267104995
0.1036247235385827 0.9828733239654747
0.1046070044726461 0.982280934063412
0.1055886617723159 0.9816572996697998
0.1065696665001575 0.9810047278415862
0.107550002880117 0.9803363799594789
0.1085295483810981 0.9795455009811299
0.1095081351401833 0.9785867590852426
0.1104855626007758 0.9774274605924838
0.1114616408858073 0.976078285031462
0.1124362523530648 0.9746114672575246
0.1134092327116896 0.9729803586248226
0.114380277022992 0.9710443113023631
0.1153490948677044 0.9688178447124357
0.1163154398166459 0.9663449489415027
0.1172791668429065 0.9637270262605746
0.1182400681248198 0.9609012819132984
0.1191978857879431 0.9578176631233198
0.1201522940203666 0.9544082324235287
0.1211029535345677 0.9506595142010216
0.1220495900944339 0.9466365598662513
0.1229920362974763 0.9424462030423741
0.123930246169248 0.9382098717717474
0.1248642837945285 0.9340376252804372
0.1257943016219254 0.9300178273969478
0.1267205011834815 0.9261995615560681
0.1276431133606608 0.9226121771793161
0.1285623919289245 0.919278568263654
0.129478617378324 0.9162254493995658
0.130392110465031 0.9134930867069624
0.131303238896343 0.9111284313119972
0.1322124311154665 0.9091922191234725
0.1331202016796766 0.9077705642101253
0.1340270005316636 0.9067988519869952
0.1349333042670957 0.9063037354321568
0.1358396443869349 0.9063401198391163
0.1367466444223254 0.9070000353905705
0.1376549537539024 0.9083093315769286
0.1385653284215118 0.910374667609487
0.1394784494513418 0.9131210298299886
0.1403948829376277 0.916433486285867
0.141315115848095 0.9202329104673057
0.1422394988412502 0.9243829931551706
0.1431683188088739 0.9288199676237008
0.1441018565039162 0.9335376950423413
0.1450404110920459 0.9385545881296919
0.1459842834182446 0.9438723261986637
0.1469337265735161 0.9494431552715676
0.147888903603301 0.9551770297848428
0.1488498640002406 0.9609603969396585
0.149816547470342 0.9666834701013982
0.1507888010433045 0.9722535729624338
0.1517633628687019 0.974561825397402
0.1526984312167948 0.935068348092899
0.1535365646952687 0.8381334784739458
0.1542469533973987 0.7103887021299715
0.1548306169899542 0.5836635925555445
0.1553536822570068 0.5230652670525915
0.1560546348754997 0.7009526184928727
0.1567549816911191 0.7003468156193682
0.1574839170598485 0.7289353687293942
0.1582520597280348 0.7681426681863113
0.1590553475668662 0.8032878388313791
0.1598595028131241 0.8041552462579038
0.1607249915491639 0.8654887360398378
0.1615175667262549 0.7925751770910539
0.1623811606118658 0.8635938856108305
0.1632557047897767 0.8745441779109409
0.1641406218016131 0.8849170118363781
0.165035579613497 0.8949578118838675
0.1659397379800395 0.9041583665425623
0.1666955752677417 0.7558372877022046
0.1665679803727571 -0.1275948949846506
0.1657802462162589 -0.7877341564981877
0.1649020786124678 -0.8781676037910857
0.1640867566400044 -0.8153219724633676
0.1633355427572792 -0.7512138827252823
0.1626499681316894 -0.685574625589741
0.1619932708877714 -0.6566972439179808
0.1613216672453998 -0.6716036423716487
0.1605935838758659 -0.7280833695338385
0.1597722695390286 -0.8213143368372977
0.1588272280919694 -0.9450414470592305
0.1577361153691261 -1.09111272284329
0.156485900233236 -1.250215135890159
0.155067988195344 -1.417912037892016
0.1534658368070926 -1.602151388251372
0.1516647613441118 -1.80107546298075
0.1496608543072883 -2.003907036823571
0.1474675218608741 -2.193332446414203
0.1451118886649752 -2.355633195898848
0.1426282958716359 -2.48359279333929
0.1400509491085508 -2.577346763085159
0.1374106251489415 -2.640323959609281
0.1347330908805704 -2.677534268371085
0.1320391664851608 -2.693924395409553
0.1293454565222729 -2.693709962887925
0.1266649440949021 -2.680512427370857
0.1240057406702758 -2.659203424626236
0.1213714437017705 -2.634296968505354
0.1187612244150724 -2.610219286698121
0.1161751449247693 -2.586079490303026
0.1136138990016417 -2.561245923127647
0.1110781570967314 -2.53574190491028
0.1085695844277234 -2.50857266900803
0.1060898872093741 -2.479697218349231
0.1036406341554481 -2.449253053926029
0.1012222339625848 -2.41840019286331
0.09883227544650426 -2.389958516080537
0.09646304153382992 -2.369233912674337
0.09410375053355226 -2.359291000277666
0.0917385763879513 -2.365174145600959
0.08935834184387428 -2.380234544077014
0.08695484280389223 -2.403499039982049
0.08452530424501749 -2.429538558874747
0.08209030946090505 -2.434994784112437
0.07948908081135835 -2.601228649546705
0.07690124211771776 -2.587838693640585
0.07425837058815332 -2.642871529564439
0.07157884607195693 -2.679524516196394
0.0688608091186966 -2.718036953260325
0.06598094314573454 -2.879865972962067
0.06316690646906693 -2.814036676667603
0.06017242807420086 -2.994478394866072
0.05725208646843247 -2.920341605768394
0.05415409639014185 -3.097990078290619
0.05114014072346085 -3.013955666680994
0.04795398614437786 -3.186154579082993
0.04486637600717499 -3.087610137202871
0.04161166150001663 -3.254714507158356
0.03842054074865627 -3.191120751360368
0.03524160578058232 -3.178934968073948
0.03192930662361851 -3.312299156963808
0.02868115768203791 -3.248148941580594
0.0255050538852266 -3.176103796811318
0.0224277689293676 -3.077284955858992
0.007173297698323439 -15.25447123104416
0.003864691547513583 -3.308606150809857
0.00209345736473119 -1.771234182782393
0.001238916234060156 -0.854541130671034
0.0005536218846162683 -0.6852943494438873
0 -0.5536218846162683
0 0
0 0
0 0
0 0
0 0
0 0
0 0
0 0
0 0
0 0
0 0
0 0
0 0
0 0
0 0
0 0
0 0
0 0
0 0
0 0
0 0
0 0
0 0
0 0
0 0
0 0
0 0
0 0
0 0
0 0
0 0
0 0
0 0
0 0
0 0
0 0
0 0
0 0
0 0
0 0
0 0
0 0
0 0
0 0
0 0
0 0
0 0
0 0
0 0
0 0
0 0
0 0
0 0
0 0
0 0
0 0
0 0
0 0
0 0
0 0
0 0
0 0
0 0
0 0
0 0
0 0
0 0
0 0
0 0
0 0
0 0
0 0
0 0
0 0
0 0
0 0
0 0
0 0
0 0
0 0
0 0
0 0
0 0
0 0
0 0
0 0
0 0
0 0
0 0
0 0
0 0
0 0
0 0
0 0
0 0
0 0
0 0
0 0
0 0
0 0
0 0
0 0
0 0
0 0
0 0
0 0
0 0
0 0
0 0
0 0
0 0
0 0
0 0
0 0
0 0
0 0
0 0
0 0
0 0
0 0
0 0
0 0
0 0
0 0
0 0
0 0
0 0
0 0
0 0
0 0
0 0
0 0
0 0
0 0
0 0
0 0
0 0
0 0
0 0
0.0003832455106334316 0.3832455106334317
0.002247899500053886 1.864653989420454
0.004112234370337467 1.86433487028358
0.005367701939509402 1.255467569171935
0.005952119874528893 0.5844179350194909
0.006449312986940873 0.4971931124119807
0.007352137598884911 0.902824611944038
0.008107723489428426 0.7555858905435143
0.008667533281734526 0.5598097923061006
0.009140332834657486 0.4727995529229603
0.009597352192422491 0.4570193577650046
0.01045346206286371 0.8561098704412181
0.01076856066282048 0.3150985999567715
0.01126109944255435 0.4925387797338737
0.01177201311879945 0.5109136762450929
0.01230585893111634 0.5338458123168923
0.01286778791437962 0.561928983263283
0.01383065683101754 0.9628689166379222
0.01266736324039613 -0.4200487311356443
0.01257714161472167 -0.0902216256744616
0.01301445799902637 0.6229708524901189
0.01383801766801925 0.8235596689928781
0 0
0 0
0 0
0 0
0 0
0 0
0 0
0 0
0 0
0 0
0 0
0 0
0 0
0 0
0 0
0 0
0 0
0 0
0 0
0 0
0 0
0 0
0 0
0 0
0 0
0 0
0 0
0 0
0 0
0 0
0 0
0 0
0 0
0 0
0 0
0 0
0 0
0 0
0 0
