-2.350721691857186e-226 -2.350721691857185e-223
0.004812034804931143 4.812034804931143
0.004458181191507815 -0.3538536134233281
-0.005137344133805611 -9.595525325313426
-0.02720095634954012 -22.06361221573451
-0.06369630947652577 -36.49535312698564
-0.1149184405800402 -51.22213110351438
-0.1792491669207789 -64.33072634073879
-0.2526550336263628 -73.40586670558388
-0.329109692677353 -76.45465905099013
-0.401338285308214 -72.22859263086102
-0.4617445157169622 -60.40623040874821
-0.5032139677487028 -41.46945203174057
-0.5204627481439421 -17.24878039523936
-0.5211848298208084 -0.7220816768662708
-0.6027625900074779 -81.57776018666951
-0.7296219824089429 -126.859392401465
-0.8217703025076353 -92.14832009869234
-0.8668489343209649 -45.07863181332961
-0.8573422204940946 9.506713826870294
-0.8095155663047749 47.82665418931964
-0.741160018454172 68.35554785060293
-0.6661899732177161 74.97004523645589
-0.593155789790339 73.0341834273771
-0.5258099754449366 67.34581434540243
-0.4649258371351923 60.88413830974432
-0.4107106628001238 54.21517433506845
-0.3637663330184391 46.94432978168472
-0.3230780402906572 40.68829272778185
-0.2826959233323565 40.38211695830068
-0.2566918476250548 26.00407570730179
-0.2360196344466246 20.67221317843018
-0.2201887236689522 15.83091077767235
-0.2085039434404741 11.68478022847813
-0.2001005434594057 8.403399981068427
-0.1940646065198275 6.035936939578129
-0.1895683874599622 4.496219059865358
-0.1861801854148467 3.388202045115474
-0.1843489058335223 1.831279581324424
-0.1847813508418211 -0.4324450082987819
-0.1876121344743948 -2.830783632573775
-0.1936606029330048 -6.048468458609957
-0.2115987748193638 -17.93817188635899
-0.2247872065801796 -13.18843176081577
-0.2398084125249628 -15.0212059447832
-0.2563002724335623 -16.49185990859953
-0.2736883697881566 -17.38809735459429
-0.2911810744758663 -17.49270468770969
-0.3080896165701976 -16.90854209433135
-0.3237462798826775 -15.65666331247983
-0.3372992076055025 -13.55292772282507
-0.3480949633618596 -10.79575575635705
-0.3557073911793209 -7.612427817461353
-0.3598698917630384 -4.162500583717421
-0.3604927364979914 -0.6228447349530541
-0.3576804062297799 2.812330268211483
-0.351693651571921 5.986754657858917
-0.3429831585727093 8.710492999211727
-0.3321556929151454 10.82746565756393
-0.3199109434830731 12.24474943207221
-0.30697001454078 12.94092894229315
-0.2939828506082738 12.98716393250621
-0.2815073469422585 12.4755036660153
-0.2700054216068321 11.50192533542638
-0.2597149532308603 10.29046837597181
-0.250402935052813 9.312018178047332
-0.2417688372350354 8.634097817777603
-0.2338860193045232 7.882817930512126
-0.226944757560854 6.941261743669242
-0.2210735601541241 5.871197406729922
-0.2162971097222922 4.776450431831836
-0.2125451935025162 3.751916219776052
-0.2096872522274346 2.857941275081571
-0.2075548694956121 2.132382731822563
-0.206022926935265 1.531942560347027
-0.2049182557462345 1.104671189030515
-0.2040557323146085 0.8625234316260444
-0.2032534775739725 0.8022547406359437
-0.2024159593162446 0.8375182577279039
-0.2014283648912333 0.9875944250113122
-0.2002458998239591 1.182465067274208
-0.1988210474576177 1.424852366341434
-0.197075634260028 1.745413197589668
-0.1949723038733835 2.103330386644453
-0.1924056092577718 2.566694615611792
-0.189222387677118 3.183221580653789
-0.185309987367079 3.912400310038977
-0.1806589289063963 4.651058460682672
-0.1752821441735826 5.376784732813721
-0.1691740467095297 6.108097464052914
-0.1623632484455927 6.81079826393699
-0.1548492392943248 7.514009151267903
-0.1466332766289593 8.215962665365478
-0.1378127018859363 8.820574743022974
-0.1285224582259864 9.290243659949931
-0.1189092169557106 9.613241270275852
-0.1090863654802139 9.822851475496662
-0.09918259815357873 9.903767326635156
-0.0892769947990437 9.905603354535025
-0.07946509309950606 9.811901699537648
-0.06981783435212463 9.647258747381427
-0.06038228638304832 9.435547969076314
-0.05118512179838102 9.197164584667295
-0.04225190994357618 8.933211854804842
-0.03364314438384548 8.608765559730703
-0.02538065494557321 8.262489438272263
-0.01751285404060032 7.867800904972897
-0.01005353800634769 7.459316034252629
-0.003017474747486569 7.036063258861118
0.003591355493596022 6.608830241082591
0.009783470870306506 6.192115376710484
0.01555967934536379 5.776208475057286
0.02090211745396722 5.342438108603423
0.02581295506319106 4.910837609223839
0.0303180191404188 4.505064077227748
0.03444576531239856 4.127746171979759
0.03826190117424724 3.816135861848681
0.04188764981162707 3.625748637379827
0.0454245467216421 3.536896910015026
0.04888969441653343 3.465147694891334
0.05228944180076311 3.399747384229684
0.05564446567117173 3.355023870408619
0.05897897548854455 3.334509817372814
0.06229373949644287 3.314764007898319
0.06565124053590998 3.357501039467116
0.06908078028200264 3.429539746092655
0.07255834010293172 3.47755982092908
0.0760590681588889 3.500728055957178
0.07957566478728152 3.516596628392626
0.08307573526224493 3.50007047496341
0.08654311934564568 3.467384083400749
0.08995155489227197 3.408435546626287
0.09325007599449386 3.298521102221896
0.09640513599813548 3.155060003641616
0.09939419521982149 2.989059221686005
0.1021878190949809 2.793623875159412
0.1047739626476548 2.586143552673934
0.1071353731330139 2.361410485359081
0.1092576647061283 2.122291573114415
0.1111305408633344 1.872876157206049
0.1127457285780954 1.615187714761018
0.1140869810352116 1.341252457116249
0.11514344552314 1.056464487928316
0.1159018295790224 0.7583840558824662
0.1163472216633302 0.4453920843078135
0.1164811349076858 0.1339132443555213
0.116306549346103 -0.1745855615827713
0.115838575100881 -0.4679742452219776
0.1151057171154086 -0.7328579854724432
0.114134792115869 -0.9709249995395325
0.112946273246526 -1.188518869342986
0.1115571630105001 -1.389110236025989
0.1099825578800146 -1.574605130485462
0.1082381222422602 -1.744435637754366
0.1063414101778672 -1.896712064393014
0.1043112430473324 -2.030167130534832
0.102167516039758 -2.14372700757437
0.09993040782567289 -2.237108214085126
0.09762049926497192 -2.309908560700971
0.09526041558144197 -2.360083683529954
0.092871477588302 -2.388937993139967
0.09047426458573901 -2.397213002562987
0.08809411249019014 -2.380152095548871
0.08575744375941466 -2.336668730775482
0.08345462441871458 -2.302819340700077
0.08120046805744884 -2.254156361265747
0.07901092607181781 -2.189541985631025
0.07690981421869574 -2.101111853122076
0.07492602156418325 -1.983792654512484
0.07305660458030075 -1.869416983882502
0.07131225304431607 -1.744351535984678
0.06972986660299886 -1.58238644131721
0.06831774779696063 -1.412118806038226
0.0670812040086934 -1.236543788267236
0.06600464704051993 -1.076556968173464
0.06508971345155413 -0.9149335889657995
0.06432350664937769 -0.7662068021764418
0.06370057434829629 -0.6229323010814025
0.06322809054731099 -0.4724838009853016
0.06291736630400457 -0.310724243306415
0.06277695237653151 -0.1404139274730626
0.06281150884831008 0.03455647177856569
0.06302098931323347 0.2094804649233895
0.06340288957919218 0.3819002659587178
0.06395285101319838 0.5499614340061937
0.06466674012747516 0.7138891142767778
0.06554119427075904 0.8744541432838815
0.06657449826622802 1.033303995468984
0.06776499398956068 1.190495723332657
0.06911784078445309 1.352846794892407
0.07063098472667671 1.513143942223627
0.07227689240277607 1.645907676099359
0.07404885527416946 1.77196287139339
0.07596198581456522 1.913130540395755
0.07801223647489036 2.050250660325145
0.08021145107469255 2.199214599802185
0.08255473979794034 2.343288723247794
0.08502608150409463 2.471341706154289
0.08760175891331543 2.575677409220794
0.09026393272962543 2.662173816310009
0.09298440390809207 2.720471178466632
0.09574706654378148 2.762662635689417
0.09854393071274375 2.796864168962271
0.1013684790097704 2.824548297026635
0.1042075811925844 2.839102182813968
0.1070410255785801 2.833444385995754
0.1098448008449097 2.803775266329633
0.1125936821994342 2.748881354524474
0.1152652109105601 2.671528711125873
0.1178363219877641 2.571111077204036
0.1189524869573319 1.11616496956779
0.1086264359070211 -10.32605105031079
0.08869101454704321 -19.93542135997792
0.0641611997672549 -24.52981477978831
0.04048731169639928 -23.67388807085562
0.02675237287837228 -13.734938818027
0.0209792767532304 -5.773096125141885
0.01857237908306502 -2.406897670165379
0.01683144670487211 -1.740932378192908
0.01532972579584307 -1.501720909029036
0.01417191766279415 -1.157808133048924
0.01353101245730403 -0.6409052054901221
0.01351321138324621 -0.01780107405781502
0.01411291152694381 0.5997001436975954
0.01524266122771563 1.129749700771822
0.01683365062220741 1.590989394491777
0.01881769145684921 1.984040834641803
0.02105779342720155 2.240101970352345
0.02332971979033082 2.271926363129267
0.01938259638209064 -3.947123408240185
0.01199865731428583 -7.383939067804801
0.001413319982642862 -10.58533733164297
-0.01447874998709788 -15.89206996974074
-0.03549583315217204 -21.01708316507417
-0.06050974857888339 -25.01391542671134
-0.08879566538115165 -28.28591680226826
-0.1194152055943996 -30.61954021324798
-0.1511463856173123 -31.73118002291265
-0.1827296492400508 -31.58326362273856
-0.2130000600918306 -30.27041085177973
-0.2409272988111565 -27.92723871932598
-0.2655614733152141 -24.63417450405753
-0.286313695625607 -20.75222231039298
-0.3081029972697767 -21.78930164416964
-0.3311353955472167 -23.03239827743997
-0.3522040826342248 -21.06868708700815
-0.3669578141332713 -14.75373149904652
-0.3747636282302371 -7.805814096965791
-0.3758849960136906 -1.121367783453509
-0.3708285318906958 5.056464122994819
-0.3606206590068186 10.2078728838772
-0.3458834964745095 14.73716253230911
-0.3273343684112849 18.54912806322456
-0.3056457260441182 21.68864236716672
-0.2815256920520741 24.1200339920441
-0.2560147015446474 25.51099050742667
-0.2302753598415682 25.73934170307923
-0.2051196535104666 25.15570633110159
-0.1810806419556057 24.03901155486088
-0.1584135316142005 22.66711034140528
-0.1372263614454251 21.18717016877536
-0.1175779804037359 19.6483810416892
-0.09953903872711786 18.03894167661804
-0.08315519714762021 16.38384157949766
-0.06847687513128502 14.67832201633519
-0.055613567503517 12.86330762776802
-0.0446665743569277 10.94699314658931
-0.02814518217068046 16.52139218624724
-0.0160567434257948 12.08843874488566
-0.008460926169261094 7.595817256533703
-0.007712704695905327 0.7482214733557663
-0.007009478659442632 0.7032260364626952
-0.005823602818082469 1.185875841360163
-0.00492177542048657 0.9018273975958989
-0.004546783986526278 0.3749914339602921
-0.004177289773810999 0.3694942127152792
-0.003804383111590919 0.3729066622200797
-0.003430026128854864 0.3743569827360546
-0.003052054708765806 0.3779714200890585
-0.002668768303359683 0.3832864054061232
-0.002293804684863288 0.3749636184963941
-0.00190794082703525 0.3858638578280382
-0.001530869535030997 0.3770712920042535
-0.001141962673421601 0.3889068616093956
-0.0007629627398716476 0.3789999335499535
-0.0003729399920268069 0.3900227478448408
4.035327571531566e-06 0.3769753195983385
0.0003898422386702596 0.3858069110987279
0.000757868684146788 0.3680264454765285
0.001123432235671755 0.3655635515249666
0.001487630733442948 0.3641984977711932
0.001829935600987608 0.3423048675446606
0.002164421813456738 0.3344862124691295
0.00248321983603769 0.3187980225809522
-5.717690867140486e-222 -2.48321983603769
-3.452197325667692e-222 2.265493541472794e-219
-2.207505820765167e-222 1.244691504902525e-219
-1.46987196854572e-222 7.376338522194467e-220
-1.006958015736303e-222 4.629139528094177e-220
-7.018657322081223e-223 3.050922835281803e-220
-4.931713065312738e-223 2.086944256768485e-220
-3.47092194442982e-223 1.460791120882918e-220
-2.435088269682593e-223 1.035833674747227e-220
-1.696546048738104e-223 7.385422209444895e-221
-1.170220074297254e-223 5.263259744408502e-221
-7.95531037227211e-224 3.746890370700426e-221
-5.298000732672467e-224 2.657309639599643e-221
-3.435444408861898e-224 1.862556323810569e-221
-2.163270813799459e-224 1.272173595062439e-221
-1.330784854201262e-224 8.324859595981969e-222
-8.111931707043437e-225 5.195916834969184e-222
-5.031168056130302e-225 3.080763650913135e-222
-3.391845046201338e-225 1.639323009928964e-222
-2.682086173015748e-225 7.097588731855902e-223
-2.527301633867483e-225 1.547845391482647e-223
-2.65856170559765e-225 -1.312600717301669e-223
-2.877454674531162e-225 -2.188929689335118e-223
-3.053117973000051e-225 -1.756632984688888e-223
-3.11417467223572e-225 -6.105669923566941e-224
-3.030360440224993e-225 8.381423201072755e-224
-2.801043037929333e-225 2.293174022956599e-223
-2.445057841481651e-225 3.559851964476817e-223
-2.000615290181352e-225 4.444425513002989e-223
-1.518418617732907e-225 4.821966724484451e-223
-1.050572237400399e-225 4.678463803325079e-223
-6.396100169070859e-226 4.109622204933132e-223
-3.093961850853497e-226 3.302138318217362e-223
-6.907497608293503e-227 2.403212090024147e-223
8.159007029617023e-227 1.506650463791052e-223
1.496984434621313e-226 6.81083731659611e-224
1.529803408883779e-226 3.281897426246589e-225
1.149045119265315e-226 -3.807582896184645e-224
6.14498924495492e-227 -5.345461947698227e-224
1.731425308291536e-227 -4.413563936663384e-224
2.139259472575851e-228 -1.517499361033951e-224
2.976068212755644e-227 2.762142265498059e-224
1.065852180786513e-226 7.68245359510949e-224
2.314143783152625e-226 1.248291602366111e-223
3.972961696599726e-226 1.658817913447101e-223
5.919744348649742e-226 1.946782652050016e-223
7.97513731101995e-226 2.055392962370208e-223
9.918545732381661e-226 1.943408421361711e-223
1.152649006842432e-225 1.607944336042657e-223
1.263214615821937e-225 1.10565608979505e-223
1.313862968331159e-225 5.064835250922262e-224
1.304173493922954e-225 -9.689474408205761e-225
1.245086378743998e-225 -5.908711517895556e-224
1.156746348686047e-225 -8.834003005795138e-224
1.06476210769246e-225 -9.198424099358628e-224
9.939616904396977e-226 -7.080041725276277e-224
9.609734763196608e-226 -3.298821412003689e-224
9.743685363250218e-226 1.339506000536102e-224
1.033746559797793e-225 5.937802347277163e-224
1.133775406621143e-225 1.000288468233493e-223
1.265106483098271e-225 1.313310764771287e-223
1.414868084110892e-225 1.49761601012621e-223
1.56811993332676e-225 1.532518492158679e-223
1.710098484668066e-225 1.419785513413057e-223
1.828240322651055e-225 1.181418379829893e-223
1.913194464435777e-225 8.495414178472173e-224
1.959678242433238e-225 4.648377799746055e-224
1.967308921793254e-225 7.630679360016735e-225
1.940714768061813e-225 -2.659415373144156e-224
1.88863883084811e-225 -5.207593721370259e-224
1.822347762908072e-225 -6.629106794003765e-224
1.753551906452511e-225 -6.879585645556168e-224
1.692218769824363e-225 -6.133313662814756e-224
1.644777693050067e-225 -4.744107677429645e-224
1.613027405111725e-225 -3.175028793834146e-224
1.594048212875628e-225 -1.897919223609699e-224
1.581113004501206e-225 -1.293520837442196e-224
1.565175634148419e-225 -1.593737035278742e-224
1.536506534350583e-225 -2.866909979783579e-224
1.486888258684586e-225 -4.961827566599711e-224
1.41134418363067e-225 -7.554407505391647e-224
1.308989177195345e-225 -1.023550064353243e-223
1.183615656620501e-225 -1.25373520574844e-223
1.042257974921872e-225 -1.413576816986295e-223
8.932837769389163e-226 -1.489741979829555e-223
7.451617864936117e-226 -1.481219904453046e-223
6.053829530460385e-226 -1.397788334475731e-223
4.794661927561111e-226 -1.259167602899274e-223
3.69864462697098e-226 -1.096017300590131e-223
2.758597181762513e-226 -9.400474452084666e-224
1.94096667132021e-226 -8.176305104423035e-224
1.195507145282302e-226 -7.454595260379082e-224
4.671446781699405e-227 -7.283624671123611e-224
-2.926079650818111e-227 -7.597526432517516e-224
-1.117054466369565e-226 -8.244465012877542e-224
-2.019428488977869e-226 -9.023740226083038e-224
-2.99213503187224e-226 -9.72706542894371e-224
-4.007020548034354e-226 -1.014885516162114e-223
-5.028485925630458e-226 -1.021465377596104e-223
-6.019359336907178e-226 -9.9087341127672e-224
-6.946786661325942e-226 -9.27427324418764e-224
-7.788073285225321e-226 -8.412866238993783e-224
-8.536589675445874e-226 -7.485163902205535e-224
-9.200782458363304e-226 -6.641927829174301e-224
-9.817336026730713e-226 -6.165535683674091e-224
-1.042590478205459e-225 -6.085687553238814e-224
-1.107324076864808e-225 -6.473359865934853e-224
-1.180179280768182e-225 -7.285520390337377e-224
-1.265392200862654e-225 -8.521292009447244e-224
-1.366065637255234e-225 -1.006734363925801e-223
-1.478669804948131e-225 -1.126041676928969e-223
-1.589401312815121e-225 -1.107315078669896e-223
-1.697255478453386e-225 -1.078541656382651e-223
-1.816347983336733e-225 -1.190925048833475e-223
-1.959629032334659e-225 -1.432810489979257e-223
-2.128883883411768e-225 -1.692548510771085e-223
-2.325493984131578e-225 -1.966101007198107e-223
-2.55389455895597e-225 -2.284005748243918e-223
-2.814742801776001e-225 -2.608482428200311e-223
-3.105958755420861e-225 -2.912159536448592e-223
-3.423539481800809e-225 -3.175807263799484e-223
-3.762863011623121e-225 -3.393235298223117e-223
-4.120104868860814e-225 -3.572418572376928e-223
-4.492834279114073e-225 -3.727294102532591e-223
-4.881657647597689e-225 -3.888233684836164e-223
-5.291503503036851e-225 -4.098458554391616e-223
-5.730556117113563e-225 -4.390526140767125e-223
-6.212208656064405e-225 -4.816525389508419e-223
-6.749489802035102e-225 -5.372811459706965e-223
-7.353069441028482e-225 -6.035796389933803e-223
-8.033930214224986e-225 -6.808607731965038e-223
-8.792722667365925e-225 -7.587924531409397e-223
-9.626918310821054e-225 -8.341956434551288e-223
-1.052541142551198e-224 -8.984931146909289e-223
-1.14728960321807e-224 -9.474846066687205e-223
-1.245053938613859e-224 -9.776433539578914e-223
-1.343754487515781e-224 -9.87005489019212e-223
-1.441920596672378e-224 -9.816610915659772e-223
-1.537892104894819e-224 -9.597150822244085e-223
-1.630658395222172e-224 -9.276629032735291e-223
-1.719624172241618e-224 -8.8965777019446e-223
-1.804527575233654e-224 -8.490340299203597e-223
-1.885254843722742e-224 -8.07272684890876e-223
-1.961602792404358e-224 -7.634794868161643e-223
-2.033047141470457e-224 -7.144434906609898e-223
-2.01582696231377e-224 1.722017915668758e-223
-1.873492107886932e-224 1.423348544268379e-222
-1.575123061117558e-224 2.983690467693733e-222
-1.153468732156241e-224 4.216543289613174e-222
-8.032949898687493e-225 3.501737422874917e-222
-5.680873802959092e-225 2.352076095728402e-222
-3.757448710778041e-225 1.92342509218105e-222
-1.830273939630073e-225 1.927174771147968e-222
-1.638076621961611e-226 1.666466277433912e-222
6.253253605829472e-226 7.891330227791083e-223
7.786695493056603e-226 1.533441887227131e-223
3.969680717391043e-226 -3.817014775665559e-223
-2.953358191523659e-226 -6.923038908914702e-223
-1.016153066350642e-225 -7.208172471982766e-223
-1.726985443718692e-225 -7.108323773680499e-223
-2.289465926368685e-225 -5.62480482649993e-223
-2.542614448136119e-225 -2.531485217674331e-223
-2.220102535299522e-225 3.225119128365966e-223
-1.872212239956775e-225 4.829800657580346e-223
-2.533858076669703e-225 -6.616458367129281e-223
-3.009859380251984e-225 -1.838564486917585e-223
-2.298048339609139e-225 7.118110406428445e-223
0 0
0 0
0 0
0 0
0 0
0 0
0 0
0 0
0 0
0 0
0 0
0 0
0 0
0 0
0 0
0 0
0 0
0 0
0 0
0 0
0 0
0 0
0 0
0 0
0 0
0 0
0 0
0 0
0 0
0 0
0 0
0 0
0 0
0 0
0 0
0 0
0 0
0 0
0 0
