0.04136011961278486 41.36011961278486
0.04151792075911234 0.1578011463274839
0.02949850198498552 -12.01941877412682
0.01958566546578804 -9.912836519197482
0.0124995018233076 -7.086163642480432
0.00789286696968082 -4.606634853626782
0.00495419932660657 -2.93866764307425
0.003025600382743637 -1.928598943862933
0.001694226091982224 -1.331374290761413
0.0007717553754667784 -0.922470716515446
0.0002921210804610521 -0.4796342950057262
0.000322043754282784 0.02992267382173191
0.0004961702464575552 0.1741264921747712
0.0008799972492740432 0.383827002816488
0.001446097503585537 0.5661002543114937
0.001970195252268393 0.524097748682856
0.002522789231809469 0.5525939795410759
0.005172622294943306 2.649833063133837
0.0130949912533876 7.922368958444293
0.02388138332868069 10.78639207529309
0.034919662557098 11.03827922841732
0.04403674097627511 9.117078419177103
0.05083880586271558 6.802064886440473
0.05481189441855935 3.973088555843773
0.05552520054057211 0.7133061220127579
0.05454743140377344 -0.9777691367986729
0.05334915298723535 -1.198278416538086
0.05235489486413445 -0.9942581231009023
0.05162805346498857 -0.7268413991458819
0.05133337594320938 -0.2946775217791894
0.0517022503799612 0.3688744367518204
0.05286324802703436 1.160997647073156
0.0547858684498187 1.922620422784349
0.05732468819630706 2.538819746488355
0.06029324900334637 2.968560807039312
0.06351580945689117 3.222560453544798
0.06685147586030975 3.335666403418577
0.07019849179563031 3.347015935320566
0.07349779580176445 3.299304006134138
0.07672379544534645 3.225999643582
0.07976820827086392 3.04441282551747
0.08266937925325515 2.901170982391232
0.08542170479074448 2.752325537489331
0.0879507025129614 2.528997722216916
0.09021785812589472 2.267155612933322
0.09222782327543627 2.009965149541548
0.09401909361745728 1.791270342021006
0.09561062742388005 1.591533806422768
0.0970326772153336 1.42204979145355
0.0983327261526846 1.300048937351
0.09952555113826353 1.192824985578933
0.1006009900326584 1.075438894394834
0.1015510948962556 0.950104863597187
0.1023842103754041 0.8331154791485912
0.1031302667085984 0.7460563331943004
0.1038379100028257 0.7076432942272753
0.1045619498471982 0.7240398443724566
0.1053561596439344 0.7942097967362088
0.1062689791488657 0.9128195049313559
0.1073457430554715 1.076763906605757
0.1086315094063137 1.285766350842238
0.1101517262917134 1.520216885399675
0.1119118035271996 1.760077235486157
0.1139043469315232 1.992543404323671
0.116114608006706 2.210261075182782
0.1185247569768199 2.410148970113865
0.1211227698655782 2.598012888758286
0.1239176225401799 2.794852674601722
0.1269239535025556 3.006330962375667
0.1301506487408394 3.226695238283839
0.1335961157509098 3.445467010070424
0.137249659051418 3.653543300508183
0.141096891280063 3.84723222864497
0.145112421699457 4.015530419394064
0.1492686867956202 4.156265096163153
0.1535444300691158 4.275743273495613
0.1579024641039518 4.358034034836034
0.1622924378489185 4.38997374496669
0.1666609535426636 4.368515693745106
0.1709592096545567 4.298256111893051
0.1751516384474032 4.192428792846536
0.1792200806916414 4.068442244238191
0.1831610126755492 3.940931983907825
0.1869831122270142 3.82209955146498
0.1906997479391627 3.716635712148475
0.1943262572972201 3.626509358057417
0.1978787124237726 3.552455126552528
0.2013691198387549 3.490407414982271
0.2048045355604961 3.435415721741192
0.2081949591325373 3.390423572041168
0.211544449543192 3.349490410654743
0.2148750932946554 3.330643751463358
0.2182230915672326 3.347998272577202
0.2215876025278032 3.364510960570666
0.2249445665815144 3.356964053711192
0.228267141783954 3.322575202439587
0.2315360288203618 3.268887036407819
0.234743619731457 3.207590911095209
0.2378932925808008 3.149672849343754
0.2409973429018906 3.104050321089763
0.2440739593980133 3.076616496122702
0.247144629981898 3.070670583884743
0.2502320501621592 3.087420180261147
0.2533588763905875 3.126826228428303
0.2565466374471348 3.187761056547334
0.2598143313268408 3.267693879705991
0.2631783508071791 3.364019480338265
0.2666521190243039 3.473768217124862
0.2702461577782327 3.594038753928774
0.2739681937007828 3.72203592255016
0.2778241166451479 3.855922944365098
0.281818482139514 3.994365494366048
0.2859534831137119 4.135000974197944
0.2902281884739522 4.274705360240271
0.2946320862976404 4.403897823688163
0.2991477878335597 4.515701535919347
0.3037519857348659 4.604197901306173
0.3084272832510953 4.675297516229359
0.313160360648974 4.73307739787876
0.3179409766410493 4.780615992075298
0.3227595829608919 4.818606319842544
0.3276023054310327 4.842722470140837
0.3324528028799606 4.850497448927904
0.3372944310957816 4.841628215821014
0.3421077375083078 4.813306412526141
0.3468732240854292 4.765486577121447
0.3515749396394129 4.701715553983743
0.3561979037475059 4.622964108092986
0.3607250983892195 4.527194641713583
0.3651432415376593 4.418143148439746
0.369438372489142 4.295130951482706
0.3736000444535533 4.161671964411362
0.3776227060990117 4.022661645458336
0.3815007420703622 3.878035971350557
0.3852331687454682 3.732426675105982
0.3888205778070344 3.587409061566182
0.3922621231371728 3.441545330138462
0.395557481564843 3.295358427670203
0.3987069352481095 3.149453683266412
0.4017108966114649 3.003961363355401
0.4045701703373853 2.859273725920486
0.4072919788086509 2.721808471265519
0.4098799741188338 2.587995310182944
0.4123350282547116 2.455054135877766
0.4146576101938128 2.322581939101231
0.4168468816434573 2.189271449644481
0.4189026792934031 2.05579764994579
0.4208255988072657 1.922919513862587
0.4226169757481827 1.791376940917078
0.424278862289447 1.661886541264257
0.4258134730621082 1.534610772661205
0.42722251018366 1.409037121551826
0.4285069146711524 1.284404487492397
0.4296669771391969 1.160062468044454
0.4307028957853967 1.035918646199785
0.4316247525608148 0.9218567754181728
0.4324526430097545 0.827890448939661
0.4331939429977854 0.7412999880308524
0.4338488061602092 0.6548631624238577
0.4344140591440652 0.5652529838560127
0.4348871176149176 0.4730584708523278
0.4352667360782235 0.3796184633059752
0.4355514780251937 0.2847419469701462
0.4357394282257055 0.1879502005118772
0.435828882488099 0.08945426239342913
0.4358175599757429 -0.01132251235608228
0.435703108765743 -0.1144512099999218
0.4354831824236866 -0.2199263420564201
0.4351554419172854 -0.3277405064011085
0.4347179344267271 -0.4375074905583198
0.434168653715699 -0.5492807110281106
0.4335056273278852 -0.6630263878138476
0.4327278330644354 -0.7777942634497603
0.4318346755271085 -0.8931575373269385
0.4308262721403422 -1.008403386766277
0.429703023672693 -1.123248467649218
0.4284663224572555 -1.236701215437508
0.4271184147294712 -1.347907727784259
0.4256622600236376 -1.456154705833657
0.4241016931696013 -1.560566854036272
0.4224415103794695 -1.660182790131803
0.4206871802161576 -1.75433016331189
0.4188452842725572 -1.841895943600347
0.4169242153142715 -1.921068958285699
0.4149327150682159 -1.9915002460556
0.4128799960154813 -2.052719052734631
0.410782737090199 -2.097258925282341
0.4086547902807465 -2.127946809452441
0.4065054777482535 -2.149312532493008
0.4043441307329456 -2.161347015307902
0.4021803046352355 -2.163826097710153
0.4000241186467141 -2.156185988521353
0.3978855751959827 -2.138543450731389
0.3957747735144083 -2.110801681574404
0.3937023359112953 -2.072437603113042
0.391678821244364 -2.023514666931236
0.3897146254201495 -1.964195824214587
0.3878198408576743 -1.894784562475105
0.3860039900738577 -1.81585078381663
0.3842759212409699 -1.728068832887841
0.3826441290692306 -1.631792171739255
0.381116295452918 -1.527833616312591
0.3796986142048209 -1.417681248097158
0.3783958679266898 -1.302746278131095
0.3772122538288092 -1.183614097880592
0.3761515964330776 -1.060657395731579
0.3752172135265429 -0.934382906534692
0.3744117391305361 -0.8054743960068111
0.3737368703296278 -0.6748688009082793
0.3731935851879207 -0.5432851417071505
0.3728056653020886 -0.3879198858320887
0.3729319983258605 0.1263330237719074
0.3740711555841576 1.139157258297108
0.3764549313904547 2.383775806297117
0.3800047018977092 3.549770507254524
0.3842616087481538 4.256906850444608
0.3886943315371334 4.432722788979548
0.3929913077395296 4.296976202396163
0.3970982554946483 4.106947755118717
0.4010630314168112 3.964775922162933
0.4049179412144975 3.854909797686323
0.4086774792334416 3.759538018944075
0.4123419783179107 3.664499084469086
0.4158983012391273 3.556322921216604
0.4193251975853322 3.426896346204855
0.4225946145638592 3.269416978527062
0.4256745016670958 3.079887103236589
0.4285326987684649 2.858197101369087
0.4311426627401662 2.609963971701268
0.4334385416228097 2.295878882643543
0.4351700727849541 1.731531162144417
0.4361979424527095 1.027869667755366
0.4366569946720446 0.4590522193350655
0.4367400616715837 0.08306699953919416
0.4365965832750968 -0.1434783964869846
0.4363882262907423 -0.2083569843544519
0.4362649600300729 -0.1232662606694412
0.4362807976590929 0.01583762902002128
0.4364089032205166 0.1281055614237303
0.4365835451517878 0.1746419312711467
0.4367281218656892 0.1445767139014453
0.4367026760131698 -0.02544585251940124
0.4364336056556153 -0.2690703575545239
0.4358563128696939 -0.5772927859213905
0.4347137129733349 -1.142599896358953
0.4326668902316257 -2.046822741709198
0.4294137693402607 -3.253120891365091
0.4247843625451189 -4.629406795141788
0.4187262899623749 -6.058072582743989
0.4112645240853456 -7.461765877029236
0.4024582330685754 -8.806291016770274
0.3923645694351559 -10.09366363341951
0.3810377954655211 -11.32677396963477
0.3685336610205751 -12.50413444494602
0.3549207714716166 -13.61288954895845
0.3402945988758256 -14.62617259579102
0.3247851353861609 -15.50946348966464
0.3085554448313128 -16.22969055484813
0.2917830696568919 -16.77237517442093
0.2746468962283755 -17.13617342851642
0.2573227761257191 -17.32412010265633
0.2399814194898407 -17.34135663587843
0.2227868092814494 -17.19461020839127
0.2058915156619385 -16.89529361951089
0.189443096434803 -16.44841922713552
0.1735803607878683 -15.86273564693466
0.1579994719690305 -15.58088881883787
0.1419438001156849 -16.05567185334558
0.1253761646470342 -16.56763546865072
0.1097181451446695 -15.6580195023647
0.09701646259473659 -12.70168254993287
0.08830767747983652 -8.708785114900072
0.08349479021319241 -4.812887266644111
0.08209499600850892 -1.399794204683488
0.08383688394203948 1.741887933530556
0.08867681818643182 4.839934244392344
0.09655007300973344 7.873254823301617
0.1070906846303311 10.5406116205977
0.1192956459268374 12.20496129650628
0.1313077026633108 12.0120567364734
0.1406111659079519 9.303463244641069
0.1448129450496374 4.201779141685513
0.1427529098278607 -2.060035221776751
0.1352215726832245 -7.531337144636163
0.1246745924876802 -10.54698019554431
0.1140882365330026 -10.58635595467756
0.1058258951310001 -8.262341402002466
0.1012283765057914 -4.597518625208755
0.1009357815535213 -0.2925949522700616
0.1053408401733355 4.405058619814148
0.1146989912067689 9.358151033433472
0.1278845129006594 13.18552169389041
0.1371585113752502 9.273998474590844
0.1419078714107099 4.749360035459671
0.09303553441218779 -48.87233699852209
0.09451787055886221 1.482336146674423
0.09474051819182977 0.2226476329675597
0.09103869968889697 -3.701818502932802
0.08483375840975661 -6.204941279140355
0.07777679801374093 -7.056960396015679
0.07133825631719334 -6.438541696547589
0.06665371539154401 -4.684540925649336
0.0643740556437019 -2.279659747842111
0.06306057298225917 -1.313482661442725
0.06101441379611905 -2.046159186140123
0.0591748348567776 -1.839578939341446
0.05821344885510882 -0.9613860016687777
0.05851154626625799 0.2980974111491605
0.05942275481735757 0.9112085510995862
0.05961178863807469 0.1890338207171174
0.05982541011327356 0.2136214751988705
0.06001319927551588 0.1877891622423175
0.06010117563162438 0.08797635610850729
0.0601955651643598 0.09438953273541856
0.06015591416844007 -0.03965099591973081
0.05995985953617509 -0.1960546322649775
0.05968724614688872 -0.2726133892863788
0.05934112683656118 -0.3461193103275403
0.05896219637050275 -0.3789304660584275
0.0584786405286673 -0.4835558418354452
0.05792980321044409 -0.5488373182232081
0.05741839361530265 -0.5114095951414473
0.05708040019962866 -0.33799341567399
0.05699927749306547 -0.08112270656318588
0.05708826467004584 0.08898717698036657
0.05723833893112364 0.1500742610777983
0.05739573234090481 0.157393409781173
0.05767184607270928 0.2761137318044726
0.0580352210265672 0.3633749538579228
0.05845987638033832 0.4246553537711126
0.05891944127937225 0.4595648990339332
0.05937796427676724 0.4585229973949889
0.05984293668854083 0.4649724117735954
0.06021944975122251 0.3765130626816743
0.0606490796921693 0.4296299409467935
0.06099898410075729 0.3499044085879879
0.06128121544345078 0.2822313426934855
0.06151619491950087 0.2349794760500915
0.0616212682867353 0.1050733672344345
0.0615973308901293 -0.02393739660600663
0.06138078978235025 -0.2165411077790502
0.06103450673689236 -0.3462830454578833
0.06063153264784515 -0.4029740890472075
0.06023020640672405 -0.4013262411211027
0.05993115909786845 -0.2990473088555975
0.05981537125491185 -0.1157878429566064
0.05992085609898216 0.1054848440703096
0.06022581204806718 0.3049559490850215
0.06065223433549823 0.4264222874310469
0.06110099816764732 0.4487638321490905
0.06150017867202233 0.399180504375013
0.06182334979932454 0.3231711273022075
0.06206560187857491 0.2422520792503685
0.06221721841338559 0.151616534810689
0.06226362138785028 0.0464029744646835
0.06220160201985032 -0.06201936799995339
0.06204319459694086 -0.1584074229094637
0.06180761870516212 -0.2355758917787359
0.06151751088337002 -0.2901078217921044
0.06119947195241994 -0.3180389309500806
0.06088333568340509 -0.3161362690148467
0.06059894561949367 -0.2843900639114202
0.06037143966435562 -0.2275059551380548
0.06021652204488896 -0.1549176194666629
0.06013712269106333 -0.07939935382562935
0.06012259466612524 -0.01452802493808608
0.06015093789217385 0.0283432260486105
0.06019357791833516 0.0426400261613058
0.06022124393191622 0.02766601358106247
0.06020920268977888 -0.01204124213734226
0.06014078212369261 -0.06842056608626773
0.06000905676914532 -0.1317253545472866
0.05981709135873602 -0.191965410409306
0.05957717959687002 -0.2399117618659963
0.05930890084060499 -0.2682787562650335
0.05903598613553281 -0.2729147050721734
0.05878253604039824 -0.2534500951345692
0.05856875874420582 -0.2137772961924231
0.05840709909500799 -0.1616596491978289
0.05829982330982667 -0.1072757851813197
0.05823869705475012 -0.06112625507655178
0.05820680705241723 -0.03189000233289052
0.05818199981928762 -0.02480723312960759
0.05814131628753576 -0.04068353175186445
0.0580654434683206 -0.07587281921515865
0.05794227081250774 -0.1231726558128601
0.05776896405230481 -0.1733067602029334
0.05755231106200867 -0.2166529902961345
0.05730734343712604 -0.2449676248826305
0.05705446976242505 -0.2528736747009902
0.05681561799803208 -0.2388517643929708
0.05661001390268067 -0.2056040953514124
0.05645031202749184 -0.1597018751888224
0.05633963883310483 -0.110673194387019
0.05627096181350589 -0.06867701959893668
0.05622855969627825 -0.04240211722763426
0.05619137597990483 -0.03718371637342205
0.05613700218949834 -0.05437379040649365
0.05604620510414945 -0.09079708534889125
0.055905798080034 -0.1404070241154479
0.05571274629686282 -0.1930517831711803
0.05547400316883361 -0.2387431280292118
0.05520452511611226 -0.2694780527213517
0.05492310060848524 -0.2814245076270122
0.05462833144165513 -0.2947691668301125
0.05428162418311608 -0.3467072585390529
0.05384396418900495 -0.4376599941111267
0.0533126158872817 -0.5313483017232514
0.05270629005756795 -0.6063258297137469
0.05204215868167648 -0.664131375891476
0.05133952706529831 -0.702631616378166
0.05062504531010263 -0.7144817551956797
0.04992219141415213 -0.7028538959505045
0.0492445930628736 -0.6775983512785285
0.04859145586942291 -0.653137193450691
0.04794635525618759 -0.6451006132353123
0.04727908586671533 -0.667269389472265
0.0465520969948174 -0.7269888718979267
0.04574205980712943 -0.8100371876879758
0.04483055027957663 -0.9115095275527979
0.0438033660576455 -1.027184221931127
0.04266281727335374 -1.140548784291762
0.04143304982448552 -1.22976744886822
0.04015864370344465 -1.274406121040871
0.03888702695074801 -1.271616752696637
0.03766526405425195 -1.221762896496059
0.03653365808624172 -1.131605968010235
0.03552047411564215 -1.013183970599567
0.03463937368746637 -0.8811004281757823
0.03388944326973847 -0.7499304177278967
0.03325744977541413 -0.6319934943243427
0.03272175944268799 -0.5356903327261366
0.03225756022249628 -0.4641992201917106
0.03184215211095734 -0.4154081115389438
0.03145973698445806 -0.3824151264992803
0.0311045775277754 -0.3551594566826577
0.03078193898315489 -0.3226385446205154
0.03050676065289423 -0.27517833026066
0.03030046714802198 -0.206293504872241
0.03069927894500783 0.3988117969858408
0.03319563234048712 2.496353395479295
0.03874543617598115 5.549803835494027
0.04745202223143592 8.706586055454768
0.05572229181579004 8.270269584354125
0.05849406396084092 2.77177214505088
0.05843891367654613 -0.05515028429479291
0.05592285601893829 -2.516057657607838
0.05061247503206762 -5.310380986870672
0.04313982691950239 -7.472648112565226
0.03520242569895508 -7.937401220547313
0.02436902463884015 -10.83340106011493
0.02568057530875341 1.311550669913262
0.02600590315313581 0.3253278443823976
0.02942555074352986 3.419647590394054
0.03615277770732592 6.727226963796056
0.04534970114800142 9.196923440675505
0.0581086994953007 12.75899834729927
0.04074180150239112 -10.17053258106354
0.04049416015925611 -0.2476413431350133
0.05120342055626973 13.20366779647372
0.06430564628298034 13.10222572671061
0 0
0 0
0 0
0 0
0 0
0 0
0 0
0 0
0 0
0 0
0 0
0 0
0 0
0 0
0 0
0 0
0 0
0 0
0 0
0 0
0 0
0 0
0 0
0 0
0 0
0 0
0 0
0 0
0 0
0 0
0 0
0 0
0 0
0 0
0 0
0 0
0 0
0 0
0 0
