-0.02391142470935676 -23.91142470935676
-0.02168955068841126 2.221874020945501
-0.01564356890154475 6.045981786866508
-0.01067897060774906 4.964598293795697
-0.007052819206665515 3.626151401083541
-0.004600960294116683 2.451858912548832
-0.002986098886620868 1.614861407495814
-0.001893178557841154 1.092920328779715
-0.001110177499585212 0.7830010582559419
-0.0005304855219846367 0.5796919776005749
-0.0001486717444437338 0.3818137775409029
-1.711795340461493e-05 0.1315537910391189
0 0.01711795340461493
0 0
0 0
0 0
-1.419718700114199e-05 -0.01419718700114199
-0.001001098508877668 -0.9869013218765261
-0.004723958192184075 -3.722859683306406
-0.01015084397878294 -5.426885786598866
-0.01609999839534341 -5.949154416560466
-0.02157958624079013 -5.479587845446717
-0.02597993927633969 -4.400353035549562
-0.02885987811562081 -2.879938839281122
-0.02973712715980898 -0.8772490441881671
-0.02919032541010145 0.5468017497075247
-0.02848091038194128 0.7094150281601701
-0.02786525227797517 0.6156581039661115
-0.02738301886941799 0.4822334085571832
-0.02712023842448948 0.2627804449285044
-0.02720243201632744 -0.08219359183795488
-0.02771210654934244 -0.5096745330150053
-0.02864851844332278 -0.9364118939803392
-0.02993964822746345 -1.291129784140664
-0.03147925580344041 -1.539607575976962
-0.03315903831123962 -1.67978250779921
-0.0348900508785884 -1.731012567348776
-0.03661270112106649 -1.722650242478092
-0.0382910093236469 -1.678308202580414
-0.03989410846633647 -1.603099142689565
-0.04139123491932514 -1.497126452988669
-0.04277805764793523 -1.386822728610099
-0.04405636451754804 -1.278306869612805
-0.04522470940371384 -1.168344886165802
-0.04629536112961107 -1.07065172589723
-0.04728185984133719 -0.9864987117261178
-0.04819005253671096 -0.9081926953737746
-0.04902379800917238 -0.8337454724614141
-0.04977533334188647 -0.75153533271409
-0.05043205094566978 -0.6567176037833091
-0.05098994636050888 -0.5578954148391032
-0.05145715630542456 -0.4672099449156836
-0.05185578934630192 -0.3986330408773525
-0.0522154934765478 -0.3597041302458789
-0.05256538066728948 -0.3498871907416864
-0.05293233028103343 -0.3669496137439429
-0.05334163666843852 -0.4093063874050923
-0.05381699309456422 -0.4753564261257073
-0.05438092326879847 -0.5639301742342423
-0.05505641757931943 -0.6754943105209618
-0.05585997269599877 -0.8035551166793372
-0.05679913217326001 -0.9391594772612394
-0.0578748947765389 -1.075762603278893
-0.05908345436043393 -1.208559583895034
-0.06041734303359382 -1.333888673159887
-0.06186795806128609 -1.450615027692267
-0.0634274605202762 -1.559502458990114
-0.06509181374521641 -1.664353224940213
-0.06686420941835278 -1.772395673136362
-0.06874805801798504 -1.883848599632268
-0.07074316556999591 -1.995107552010863
-0.07284329153556379 -2.100125965567884
-0.07503631313792794 -2.193021602364148
-0.07730540995466786 -2.269096816739924
-0.07962999189712044 -2.32458194245258
-0.08198707269419794 -2.357080797077499
-0.08435194921310302 -2.364876518905073
-0.08670068817357104 -2.348738960468027
-0.08901244381434907 -2.311755640778026
-0.0912714510906199 -2.259007276270833
-0.09346760045347852 -2.196149362858613
-0.09559660892866187 -2.129008475183352
-0.09765936038918853 -2.06275146052666
-0.09966038632024021 -2.001025931051684
-0.1016067066780086 -1.946320357768344
-0.1035074582107703 -1.900751532761757
-0.105370323331834 -1.862865121063678
-0.1071990189309741 -1.828695599140076
-0.1089944084586601 -1.795389527685987
-0.1107559314618253 -1.761523003165219
-0.1124930694399895 -1.737137978164272
-0.1142313340538114 -1.738264613821872
-0.1159789836296296 -1.747649575818216
-0.1177261153475512 -1.747131717921527
-0.1194643193416228 -1.738203994071652
-0.1211884739477554 -1.724154606132552
-0.1228925788241192 -1.704104876363854
-0.1245741114133737 -1.681532589254464
-0.126235179455478 -1.66106804210428
-0.1278821273300452 -1.646947874567234
-0.1295245254718917 -1.642398141846496
-0.1311738863400436 -1.649360868151956
-0.1328424918445723 -1.668605504528631
-0.1345428163253357 -1.700324480763432
-0.1362869473315267 -1.744131006191002
-0.1380848245629195 -1.797877231392742
-0.1399452588876385 -1.860434324719079
-0.1418752277858727 -1.929968898234186
-0.143879826793058 -2.004599007185304
-0.1459630556156212 -2.083228822563149
-0.1481266069499968 -2.163551334375624
-0.150372128759706 -2.245521809709161
-0.1526984540380724 -2.326325278366403
-0.1551017170810778 -2.403263043005393
-0.1575731921304327 -2.471475049354937
-0.1600997986209741 -2.5266064905414
-0.1626687051194139 -2.568906498439827
-0.1652680146881901 -2.599309568776159
-0.1678951737053702 -2.627159017180136
-0.1705402919638692 -2.645118258498974
-0.1731977483002898 -2.657456336420616
-0.1758605721848231 -2.662823884533288
-0.1785171548583325 -2.656582673509433
-0.1811628666249264 -2.645711766593922
-0.1837862196620772 -2.623353037150749
-0.186378314717503 -2.592095055425847
-0.1889310724604935 -2.552757742990436
-0.191436260633051 -2.505188172557487
-0.1938858691062462 -2.449608473195225
-0.196272615548073 -2.386746441826793
-0.198590084070043 -2.317468521970012
-0.2008329959004824 -2.242911830439398
-0.2029973857465673 -2.164389846084913
-0.2050805589146464 -2.083173168079127
-0.2070806558092557 -2.000096894609282
-0.2089960731458271 -1.915417336571412
-0.2108252555502431 -1.829182404415985
-0.2125667863569926 -1.741530806749492
-0.2142194693016326 -1.652682944639966
-0.2157822365753175 -1.562767273684956
-0.2172540504481517 -1.47181387283421
-0.2186339200688501 -1.379869620698387
-0.2199209785845505 -1.287058515700323
-0.2211145415011643 -1.193562916613877
-0.2222140806950796 -1.099539193915283
-0.2232192303258336 -1.00514963075396
-0.2241298144835554 -0.9105841577218277
-0.2249458132093593 -0.8159987258038737
-0.2256674350866441 -0.721621877284806
-0.2262951706891922 -0.6277356025481129
-0.2268297322006793 -0.5345615114871194
-0.2272718498529841 -0.4421176523047854
-0.2276221337134037 -0.3502838604195757
-0.227881031754039 -0.2588980406353636
-0.2280488963957197 -0.1678646416806984
-0.2281272466100131 -0.07835021429336564
-0.2281245008292749 0.002745780738222514
-0.2280506198045656 0.07388102470931579
-0.2279112282392892 0.1393915652763422
-0.227712156442606 0.19907179668327
-0.2274542256980224 0.2579307445835788
-0.2271371477501211 0.3170779479012287
-0.2267609666165099 0.3761811336112919
-0.2263261107431597 0.4348558733501817
-0.2258333208185988 0.4927899245608935
-0.2252835551298227 0.5497656887760438
-0.2246777725208161 0.6057826090066221
-0.2240171721189503 0.6606004018657741
-0.2233027277176806 0.7144444012697204
-0.222535704542811 0.7670231748696521
-0.2217172589285204 0.8184456142905638
-0.2208488546114294 0.8684043170909539
-0.2199322426362228 0.9166119752066493
-0.2189697809981701 0.962461638052664
-0.2179636780313657 1.006102966804395
-0.2169163349486635 1.047343082702268
-0.2158306380240236 1.085696924639834
-0.2147096551238151 1.120982900208511
-0.2135568294755576 1.152825648257555
-0.2123760749509386 1.180754524618965
-0.2111716637573459 1.204411193592714
-0.2099480869108214 1.223576846524466
-0.2087099218679668 1.23816504285465
-0.2074617404747482 1.248181393218528
-0.2062080832852729 1.253657189475343
-0.2049534570091598 1.254626276113141
-0.2037023423785762 1.251114630583611
-0.2024592260355049 1.243116343071254
-0.2012286345464419 1.230591489062988
-0.200015052278925 1.213582267516916
-0.1988232659557921 1.191786323132882
-0.1976581610974589 1.165104858333182
-0.1965244353440712 1.133725753387715
-0.1954267195574414 1.097715786629788
-0.1943703086039963 1.056410953445136
-0.1933599098429595 1.010398761036813
-0.1924003539594144 0.959555883545099
-0.1914960789649124 0.9042749945019635
-0.1906515450800372 0.8445338848752371
-0.1898706969773942 0.7808481026429503
-0.1891570728712493 0.7136241061448945
-0.1885140029476585 0.6430699235908666
-0.1879443968570234 0.5696060906350831
-0.1874508374467684 0.4935594102550289
-0.1870355825774597 0.4152548693086566
-0.1867004593630424 0.3351232144172545
-0.186446802450653 0.2536569123894605
-0.1862754759333887 0.1713265172642586
-0.1861868981328314 0.08857780055734898
-0.1861810221357589 0.005875997072496419
-0.1862855519677989 -0.1045298320400678
-0.1760968989960487 10.18865297175026
-0.1770661764012375 -0.9692774051888176
-0.1785849101662725 -1.518733765034974
-0.1806057130022715 -2.020802835999036
-0.1828353915737571 -2.229678571485538
-0.1850249294434901 -2.189537869733083
-0.1870930071271585 -2.068077683668373
-0.1890783573966066 -1.985350269448044
-0.191031518795043 -1.953161398436459
-0.1929707008352662 -1.939182040223225
-0.1948970234775369 -1.926322642270634
-0.1968006178522266 -1.903594374689677
-0.1986661175386424 -1.865499686415889
-0.2004763308041768 -1.810213265534377
-0.2022104431281671 -1.734112323990289
-0.2038470307768405 -1.63658764867336
-0.2053655781716083 -1.518547394767811
-0.2067475172720878 -1.381939100479485
-0.2058609243697783 0.886592902309441
-0.2081665868891885 -4.569317926073679
-0.2087294772073184 -0.5628903181298384
-0.2089940474311104 -0.26457022379206
-0.2090608624786247 -0.06681504751426814
-0.2090084730629352 0.05238941568946887
-0.2089110569618838 0.09741610105146181
-0.2088368282537685 0.07422870811527038
-0.2088105840517093 0.0262442020592113
-0.2088122733480284 -0.001689296319135059
-0.2088029271009058 0.009346247122676843
-0.2087297808913023 0.07314620960349738
-0.2085399795941781 0.1898012971241203
-0.2081854004735478 0.3545791206303606
-0.2076088297150983 0.5765707584494684
-0.2066762411154565 0.9325885996417649
-0.2051986167908333 1.477624324623283
-0.2030185454906299 2.180071300203312
-0.2000551950247791 2.963350465850834
-0.1963050513991552 3.750143625623953
-0.1918016218052915 4.503429593863683
-0.186587013262386 5.214608542905507
-0.1806980405945867 5.888972667799225
-0.1741619005266881 6.536140067898683
-0.167007106223112 7.154794303576018
-0.1592735947000637 7.733511523048381
-0.151017615378906 8.255979321157653
-0.1423155181068579 8.702097272048126
-0.1332590386090539 9.05647949780397
-0.1239487668119242 9.31027179712969
-0.1144832581511518 9.465508660772462
-0.1049588692749913 9.52438887616043
-0.09546744686260697 9.491422412384361
-0.08609557488204442 9.371871980562551
-0.07692425509731426 9.171319784730153
-0.06802911985086196 8.895135246452302
-0.05941307060233326 8.616049248528698
-0.0508784436110952 8.53462699123806
-0.04209711997120562 8.781323639889585
-0.03324779632550166 8.849323645703954
-0.0251037029672497 8.144093358251961
-0.01868499736861313 6.418705598636574
-0.01451615035767503 4.168847010938095
-0.01250670455913191 2.009445798543121
-0.01237289889765658 0.1338056614753284
-0.01390926429882756 -1.536365401170973
-0.01701961983037463 -3.110355531547071
-0.02160193960566329 -4.582319775288664
-0.0273698150826099 -5.767875476946606
-0.03367486949971157 -6.305054417101677
-0.03944344514545207 -5.7685756457405
-0.04337563648251441 -3.932191337062338
-0.04442942512706665 -1.053788644552238
-0.04235123287318306 2.078192253883594
-0.03788465311419253 4.466579758990521
-0.03246348119195046 5.42117192224207
-0.02757566425952553 4.887816932424935
-0.02425845642138969 3.317207838135837
-0.02294587435837556 1.312582063014132
-0.02379591437532467 -0.8500400169491086
-0.02707496147740525 -3.279047102080577
-0.03261531034215469 -5.540348864749443
-0.03905070261711303 -6.435392274958339
-0.04334344139957627 -4.292738782463244
-0.04467030385651339 -1.326862456937118
-0.04464660780304595 0.02369605346744241
-0.04353887389613412 1.107733906911823
-0.04128548102875547 2.253392867378655
-0.03806103738744649 3.224443641308978
-0.03430292667397284 3.75811071347365
-0.03071321631280863 3.589710361164209
-0.02801238986461552 2.700826448193114
-0.02671658922254178 1.295800642073741
-0.02669544691780398 0.02114230473779233
-0.02708383379507433 -0.3883868772703476
-0.02691331205863045 0.1705217364438814
-0.02660282353976166 0.3104885188687859
-0.02649505627348629 0.1077672662753749
-0.02652557217008812 -0.0305158966018293
-0.02669640566753049 -0.1708334974423707
-0.02690492564952239 -0.2085199819919017
-0.02701860646962307 -0.1136808201006763
-0.02706323199922719 -0.0446255296041205
-0.02706100888703693 0.002223112190256199
-0.02700057599784318 0.06043288919375597
-0.02687989774862799 0.1206782492151892
-0.02671696118790044 0.1629365607275467
-0.02654947389001068 0.1674872978897624
-0.02635911027037329 0.1903636196373855
-0.026152123301932 0.2069869684412917
-0.0259148639985667 0.2372593033652948
-0.0256635056337154 0.251358364851309
-0.02547135529203394 0.1921503416814525
-0.02539782870094052 0.07352659109342158
-0.02545970304464864 -0.06187434370811748
-0.02559918935463857 -0.1394863099899307
-0.02574677420589152 -0.1475848512529458
-0.02587232710728363 -0.1255529013921113
-0.02604344429368439 -0.1711171864007648
-0.02623272121009583 -0.1892769164114419
-0.02642686206591844 -0.1941408558226096
-0.02665301895389355 -0.2261568879751118
-0.02686663722918365 -0.2136182752900985
-0.0270496046661616 -0.1829674369779495
-0.02721097330257866 -0.16136863641706
-0.02735925249734228 -0.1482791947636161
-0.02747599239997208 -0.1167399026298019
-0.02754393499922519 -0.06794259925311033
-0.02758484183007046 -0.04090683084526786
-0.02754461780209751 0.04022402797294877
-0.02741060460004071 0.1340132020568041
-0.0271964765428914 0.2141280571493036
-0.02693300999156557 0.2634665513258291
-0.02666769436324077 0.2653156283248005
-0.02645641932794817 0.211275035292606
-0.02634938184794062 0.1070374800075449
-0.02637498463881295 -0.025602790872329
-0.02652799400187167 -0.1530093630587211
-0.02676713620901387 -0.2391422071422004
-0.02702718076711639 -0.26004455810252
-0.02724732523776117 -0.2201444706447751
-0.02739636003483655 -0.1490347970753807
-0.02747425255797748 -0.0778925231409329
-0.02749353992991558 -0.01928737193810162
-0.02746477686578054 0.02876306413504212
-0.02739409284946792 0.07068401631261587
-0.02728605924334587 0.1080336061220592
-0.02714660772711427 0.1394515162315979
-0.02698470507406431 0.1619026530499598
-0.02681273412524202 0.1719709488222886
-0.02664564167769962 0.1670924475423961
-0.02649897014132403 0.1466715363755977
-0.02638614397039735 0.112826170926672
-0.02631567761126065 0.07046635913670468
-0.02628914562361443 0.02653198764622153
-0.02630046451972549 -0.0113188961110601
-0.02633686418086492 -0.03639966113943433
-0.02638146848303027 -0.04460430216535194
-0.02641683661568787 -0.03536813265759414
-0.02642841849102439 -0.01158187533652558
-0.02640695725331128 0.02146123771311001
-0.0263494427824005 0.05751447091078415
-0.02625881665617334 0.09062612622716404
-0.02614285446629172 0.1159621898816146
-0.02601264192373643 0.13021254255529
-0.02588083819737861 0.1318037263578209
-0.0257597923661993 0.1210458311793131
-0.02565974392289465 0.1000484433046483
-0.02558724105521424 0.07250286768040876
-0.02554395955335735 0.04328150185688856
-0.025526287584765 0.01767196859235251
-0.02552594233573914 0.0003452490258612495
-0.02553157264333593 -0.005630307596791312
-0.02553101594554419 0.0005566977917433047
-0.02551370097828213 0.01731496726205262
-0.02547264860670355 0.04105237157858363
-0.02540566144073097 0.06698716597258389
-0.02531555060385706 0.09011083687390786
-0.02520944212493161 0.1061084789254485
-0.02509733581091001 0.1121063140216011
-0.02499018994135582 0.1071458695541851
-0.02489787570499547 0.09231423636035102
-0.02482733582335495 0.07053988164052588
-0.02478112842118097 0.04620740217397765
-0.02475670709063952 0.02442133054144854
-0.02474688534843804 0.009821742201480965
-0.0247413345486215 0.005550799816542856
-0.02472881169354463 0.01252285507686093
-0.02469928199814848 0.02952969539615075
-0.0246460280717181 0.0532539264303869
-0.02456677387497394 0.07925419674415651
-0.02446445183552112 0.1023220394528214
-0.02434650786812731 0.1179439673938097
-0.02422331144802336 0.1231964201039507
-0.02410489324938242 0.1184181986409391
-0.02399202804813132 0.1128652012510958
-0.02386895731587617 0.1230707322551552
-0.02371376925940786 0.1551880564683063
-0.02351071166160287 0.203057597804996
-0.02325687304013414 0.2538386214687299
-0.02295969103316523 0.2971820069689081
-0.02263213715739822 0.3275538757670088
-0.02229017985852112 0.341957298877097
-0.02194939349814445 0.3407863603766687
-0.02162154963831198 0.3278438598324738
-0.02131198832166447 0.3095613166475067
-0.02101804165483983 0.2939466668246474
-0.02072885557101902 0.2891860838208013
-0.02042830131324943 0.3005542577695953
-0.02010090344509967 0.327397868149757
-0.01973242936535364 0.3684740797460298
-0.01931145594063678 0.4209734247168674
-0.0188327836694136 0.4786722712231718
-0.01830173316703865 0.5310505023749558
-0.01773387671813274 0.5678564489059109
-0.01715240891601331 0.5814678021194286
-0.01658378448069822 0.5686244353150862
-0.01605294517217258 0.5308393085256373
-0.01557949970875214 0.4734454634204438
-0.01517509728654837 0.4044024222037701
-0.01484263122718422 0.332466059364149
-0.01457695037156692 0.2656808556172983
-0.01436679011171645 0.2101602598504719
-0.01419747553983853 0.1693145718779185
-0.0140539487484826 0.1435267913559284
-0.01392367097404454 0.1302777744380604
-0.01379893077993169 0.124740194112849
-0.01367817294348121 0.1207578364504826
-0.01356610749756938 0.1120654459118367
-0.01347848036260689 0.08762713496248201
-0.01363135844755918 -0.1528780849522886
-0.01454244224232006 -0.9110837947608804
-0.01669106312013775 -2.148620877817687
-0.02037416277913432 -3.683099658996575
-0.02432959709840146 -3.955434319267131
-0.02688805885825086 -2.558461759849407
-0.02771489742730432 -0.8268385690534535
-0.02636753077533992 1.347366651964391
-0.02337602058841558 2.991510186924343
-0.0192414939601986 4.134526628216978
-0.01499159319496294 4.249900765235665
-0.01169687049494127 3.294722700021666
-0.009447162767423196 2.249707727518075
-0.00996744181330823 -0.5202790458850338
-0.01201349045497783 -2.046048641669603
-0.0154726550817198 -3.459164626741972
-0.01997903158665279 -4.506376504932989
-0.02702921542294869 -7.050183836295895
-0.0178882270986862 6.451249735418898
-0.009124455321626788 0.1754634764382593
-0.01007880182216131 -0.9543465005345253
-0.00574197571080935 4.336826111351963
-0.004053759749138112 -0.03653432056179018
-0.004097323172561778 -0.04356342342366586
-0.004133923641372327 -0.03660046881054889
-0.004162053861524771 -0.02813022015244436
-0.004208468175476563 -0.04641431395179148
-0.004329798728262544 -0.1213305527859813
-0.004570614340410672 -0.2408156121481283
-0.004854575948552394 -0.283961608141722
-0.005058612070267188 -0.2040361217147931
-0.005048543189865464 0.01006888040172398
-0.004862483791215498 0.1860593986499652
-0.004621011037793049 0.2414727534224489
-0.004467967296823224 0.1530437409698257
-0.00460152543634324 -0.133558139520016
-0.004989578227888983 -0.3880527915457428
-0.005445601066401739 -0.4560228385127561
-0.005731658228598379 -0.28605716219664
-0.005596824170236873 0.1348340583615061
-0.005170730190125494 0.4260939801113781
-0.004847592183298858 0.3231380068266362
-0.005021796175589581 -0.1742039922907231
-0.005541650356843193 -0.5198541812536113
-0.005843338340275197 -0.3016879834320044
0 0
0 0
0 0
0 0
0 0
0 0
0 0
0 0
0 0
0 0
0 0
0 0
0 0
0 0
0 0
0 0
