0.01730400125548701 17.30400125548701
0.01758218113655328 0.2781798810662685
0.01727751810201315 -0.3046630345401244
0.0170389385711423 -0.2385795308708569
0.01707594939941428 0.03701082827198623
0.01729807178532324 0.2221223859089523
0.01759238541457971 0.2943136292564708
0.01789995746178805 0.3075720472083439
0.01820007129021554 0.3001138284274944
0.01848830638326118 0.2882350930456349
0.01876730426738787 0.278997884126695
0.01904729362841283 0.2799893610249578
0.01934092959533904 0.2936359669262062
0.0196624606353794 0.3215310400403668
0.02020482524479313 0.5423646094137209
0.02320266431748689 2.997839072693766
0.02716421462516896 3.961550307682069
0.02882061290892584 1.656398283756876
0.03059786379779737 1.777250888871529
0.03242045581777912 1.822592019981757
0.03435953162966129 1.939075811882171
0.03645204447579436 2.092512846133064
0.03839277005111985 1.940725575325493
0.03952362835882275 1.130858307702903
0.04076763549778673 1.244007138963971
0.04275645173907103 1.988816241284309
0.04410825592171867 1.351804182647631
0.04500683612745327 0.898580205734606
0.04553758142795056 0.5307453004972859
0.04564473280455066 0.1071513766000981
0.04524801836169254 -0.3967144428581176
0.04427062794477922 -0.977390416913318
0.04265486583736595 -1.615762107413266
0.04039002633137002 -2.26483950599593
0.03785873152503381 -2.531294806336216
0.0355948994485801 -2.263832076453712
0.03367685484900073 -1.918044599579366
0.03209243138877564 -1.584423460225089
0.03082651259517008 -1.265918793605561
0.02984062328372565 -0.9858893114444329
0.02907665920625837 -0.7639640774672746
0.02849954969204289 -0.5771095142154854
0.02807820895351015 -0.4213407385327411
0.02778346433409659 -0.2947446194135512
0.02760561670475805 -0.1778476293385414
0.02753823996087858 -0.06737674387946938
0.02757009570474139 0.03185574386280893
0.02769010684169504 0.1200111369536461
0.02787408508035962 0.183978238664579
0.02809104782733346 0.2169627469738415
0.02831448399998577 0.2234361726523131
0.0285240482350987 0.2095642351129315
0.02870933547880435 0.1852872437056487
0.02886496583732952 0.1556303585251648
0.02898585102644756 0.1208851891180418
0.02906700001120718 0.08114898475962418
0.02910570410933738 0.03870409813019893
0.02910206765616096 -0.003636453176421306
0.02905919749540564 -0.04287016075532613
0.02898198937043355 -0.07720812497208351
0.02887625980842554 -0.1057295620080154
0.02874832316901111 -0.1279366394144298
0.02860488552092791 -0.1434376480832014
0.02845292049456802 -0.1519650263598835
0.02829916648929131 -0.1537540052767156
0.02814756498126348 -0.1516015080278259
0.02799555657084321 -0.1520084104202693
0.02783996697356307 -0.1555895972801397
0.0276815082920105 -0.1584586815525681
0.0275248327954568 -0.1566754965537064
0.02737601499010698 -0.1488178053498171
0.02724043566074211 -0.135579329364869
0.02712171727826989 -0.1187183824722209
0.02702190565963681 -0.09981161863308052
0.02694125681782698 -0.08064884180982584
0.02687920921977138 -0.06204759805560761
0.02683353397356243 -0.04567524620894409
0.02680097717917145 -0.03255679439098658
0.02677804615915616 -0.02293102001528491
0.02676166907404469 -0.0163770851114714
0.02674889819142327 -0.01277088262141915
0.02673693071611122 -0.01196747531205175
0.02672330604741895 -0.01362466869226503
0.0267062271570341 -0.01707889038485635
0.02668479643313152 -0.02143072390257267
0.0266579847009392 -0.02681173219232225
0.02662401397699094 -0.0339707239482602
0.02658161699700797 -0.04239697998297334
0.02653031374742235 -0.05130324958561513
0.02647036293779091 -0.05995080963144481
0.02640273151391602 -0.0676314238748886
0.02632652311981322 -0.07620839410280023
0.02623739375581102 -0.08912936400219673
0.02613263507448207 -0.1047586813289481
0.02601393651666804 -0.1186985578140315
0.02588516460704205 -0.1287719096259958
0.02575113849326184 -0.1340261137802064
0.02561707365349198 -0.1340648397698575
0.02548752303538012 -0.1295506181118629
0.02536567029884978 -0.1218527365303423
0.02525317788175986 -0.1124924170899169
0.02515031201938586 -0.1028658623739992
0.02505594956738316 -0.09436245200270324
0.02496843595907145 -0.08751360831170396
0.02488639321998009 -0.08204273909136542
0.02480791967301723 -0.07847354696285946
0.02473159052268153 -0.0763291503357022
0.02465624064019528 -0.07534988248624613
0.02458088162927787 -0.07535901091740987
0.02450553216364811 -0.0753494656297593
0.02442973000511177 -0.07580215853634706
0.02435488957239913 -0.07484043271263272
0.02428212935722566 -0.07276021517347436
0.02421231285224337 -0.06981650498229242
0.02414551926669929 -0.06679358554407405
0.0240826692569709 -0.06285000972838795
0.02402505524991959 -0.05761400705131536
0.0239720270553962 -0.05302819452338708
0.02392655592284321 -0.04547113255299468
0.02388477606784985 -0.04177985499335263
0.0238461779317106 -0.03859813613924998
0.02381073371487743 -0.035444216833172
0.02377466873384077 -0.03606498103666395
0.02374075369275816 -0.03391504108260848
0.0237069350043419 -0.03381868841625946
0.02367280334572129 -0.03413165862061265
0.02363868260980102 -0.03412073592027123
0.02360483632642749 -0.03384628337353007
0.02357141652243222 -0.03341980399526601
0.02353861796340862 -0.03279855902360226
0.02350670842185713 -0.03190954155149126
0.02347598041367713 -0.03072800817999211
0.02344672368831884 -0.02925672535829954
0.02341919071958959 -0.02753296872924985
0.02339359936576883 -0.02559135382075584
0.02337009555315563 -0.02350381261319659
0.02334875562986815 -0.02133992328748682
0.02332961008058141 -0.01914554928673928
0.02331265633310096 -0.01695374748044223
0.02329785879546538 -0.01479753763558231
0.02328515052871745 -0.0127082667479364
0.02327444044178219 -0.01071008693525125
0.02326562994896881 -0.008810492813385307
0.02325864834694855 -0.006981602020263156
0.02325341660390271 -0.005231743045834569
0.02324980335790517 -0.003613245997544784
0.02324760279471865 -0.002200563186512128
0.02324645490209879 -0.001147892619859925
0.02324591184357674 -0.0005430585220504713
0.0232455805756664 -0.0003312679103424643
0.02324516695323879 -0.0004136224276071743
0.02324442889230107 -0.0007380609377237446
0.02324314055279903 -0.001288339502039659
0.02324107991145854 -0.002060641340492775
0.02323803426906147 -0.003045642397069698
0.02323380354860307 -0.004230720458402171
0.02322819527112359 -0.005608277479477591
0.02322098497593668 -0.007210295186913657
0.02321190934806092 -0.00907562787575561
0.02320073934986282 -0.01116999819809894
0.02318730736186705 -0.01343198799576631
0.02317152168465739 -0.01578567720966761
0.02315330545341506 -0.01821623124232535
0.02313269669507308 -0.02060875834198478
0.02310978250934109 -0.02291418573199117
0.02308469573953006 -0.02508676981102798
0.02305742742426821 -0.02726831526184484
0.02302805809552967 -0.02936932873854117
0.02299650076723605 -0.03155732829362295
0.02296299147975232 -0.03350928748372881
0.02292755256552017 -0.03543891423214707
0.02289027347203238 -0.0372790934877916
0.0228511132537779 -0.03916021825448382
0.02281052671262021 -0.04058654115768334
0.02276888231966332 -0.04164439295689312
0.02272641090896541 -0.0424714106979085
0.0226835608438311 -0.04285006513431167
0.02264066072924582 -0.04290011458527726
0.02259785638529176 -0.0428043439540636
0.0225552461278614 -0.04261025743035676
0.02251293561467679 -0.04231051318460965
0.02247104806572846 -0.04188754894832863
0.02242973544992181 -0.04131261580665388
0.02238917172572941 -0.04056372419240437
0.02234954542677116 -0.03962629895825145
0.02231104708082723 -0.03849834594392421
0.02227384954529172 -0.03719753553550753
0.02223810506851428 -0.03574447677744466
0.02220396100792697 -0.03414406058730585
0.022171450635904 -0.03251037202297441
0.02214075692139329 -0.03069371451071279
0.0221122403011141 -0.02851662027918145
0.0220859955639126 -0.02624473720149942
0.02206181407195502 -0.02418149195758737
0.02204000749544526 -0.02180657650975582
0.02202056621411804 -0.01944128132722045
0.02200359939919873 -0.01696681491931279
0.02198913335601829 -0.01446604318043609
0.02197744332123426 -0.01169003478403152
0.02196881810735418 -0.008625213880082
0.0219633316484508 -0.005486458903383035
0.02196112261986004 -0.002209028590757778
0.0219622050814527 0.00108246159266287
0.02196656233319844 0.00435725174574228
0.02197423803641899 0.00767570322054989
0.02198531833423768 0.01108029781868997
0.02199988043505954 0.01456210082185355
0.02201798668467539 0.01810624961585613
0.02203969621005518 0.02170952537978652
0.02206504546261924 0.02534925256405737
0.0221230491344838 0.0580036718645649
0.02304795632650511 0.9249071920213042
0.02386914690609535 0.8211905795902468
0.02512134621989193 1.252199313796578
0.02656636938707281 1.445023167180884
0.02772359200816381 1.157222621090997
0.0284352466370259 0.71165462886209
0.02889378982963692 0.4585431926110231
0.0293036728018502 0.4098829722132789
0.02979235600944549 0.4886832075952814
0.03039176336744488 0.5994073579993972
0.0310714032968416 0.679639929396715
0.03172788983000908 0.6564865331674802
0.03226460057630443 0.5367107462953477
0.03271659856612043 0.4519979898160095
0.03308566844271532 0.3690698765948866
0.03342257928544017 0.3369108427248441
0.03389769511775438 0.4751158323142157
0.03429133354275841 0.3936384250040267
0.03449264676803973 0.2013132252813229
0.03397428215266981 -0.6766943809438721
0.03366512092902078 -0.3091612236490252
0.03358422337742122 -0.08089755159956802
0.03287224993471183 -0.7119734427093877
0.03006092067211235 -2.811329262599481
0.02602772038609677 -4.033200286015576
0.0227153143407567 -3.312406045340072
0.02008906072092727 -2.626253619829429
0.01797118177466397 -2.117878946263294
0.01610321911070296 -1.867962663961019
0.0146224360741225 -1.48078303658046
0.01335539611855055 -1.267039955571947
0.01252751809055417 -0.8278780279963784
0.01200530158526925 -0.5222165052849205
0.01145434057701538 -0.5509610082538724
0.01099482582003219 -0.4595147569831873
0.01059157708032348 -0.4032487397087128
0.01022959332247719 -0.3619837578462907
0.01014187525524022 -0.08771806723696131
0.01006883466695209 -0.0730405882881386
0.01005049717329095 -0.01833749366113996
0.01011818128145907 0.06768410816812391
0.01023984096976798 0.1216596883089113
0.01031480616816791 0.07496519839992472
0.01073020374170359 0.4153975735356856
0.0114486239393968 0.7184201976932046
0.01191443774360507 0.4658138042082701
0.01208586764789565 0.1714299042905841
0.01220004151537474 0.1141738674790907
0.01229146956969663 0.09142805432189351
0.01237172278315817 0.08025321346153552
0.01250734392083248 0.1356211376743101
0.01277603396489939 0.2686900440669135
0.01297452039556989 0.1984864306705005
0.01321637039519115 0.2418499996212596
0.0133949617158983 0.1785913207071419
0.01351839867635424 0.1234369604559415
0.01365494547675601 0.1365468004017756
0.01380768577727294 0.1527403005169309
0.01396340457324607 0.1557187959731268
0.01410840635212957 0.1450017788834981
0.01422695426241884 0.1185479102892711
0.01430472776304198 0.07777350062313816
0.01434021982394353 0.03549206090155445
0.01435894088761553 0.01872106367199755
0.01446107112293803 0.1021302353225034
0.01451926437104296 0.05819324810492528
0.01459479742758954 0.07553305654658254
0.01467885518838058 0.08405776079103457
0.01476330278656424 0.08444759818366197
0.0147865821787117 0.02327939214746659
0.01491259072027822 0.1260085415665194
0.01497465814518724 0.06206742490901147
0.0149791772299734 0.004519084786160435
0.01502264769536791 0.04347046539451317
0.01516199838554484 0.1393506901769259
0.01517088195346205 0.008883567917216187
0.0152379227615489 0.06704080808684655
0.01532577995773933 0.08785719619043564
0.01544358887820328 0.1178089204639486
0.01559060353803726 0.1470146598339765
0.01566537726864231 0.07477373060505235
0.01570349309638698 0.03811582774466624
0.01570249518504281 -0.0009979113441693777
0.01566626654793322 -0.03622863710958657
0.01559078999126006 -0.07547655667316557
0.01547461660210824 -0.1161733891518121
0.01530304145078309 -0.1715751513251488
0.01520685965467334 -0.09618179610975004
0.01520910675056279 0.002247095889440845
0.01535213497241064 0.1430282218478525
0.01559077016190938 0.2386351894987388
0.01595717914907567 0.3664089871662901
0.01658015888765311 0.6229797385774415
0.01707593312347154 0.4957742358184282
0.01774120419829437 0.665271074822834
0.01833542844098486 0.5942242426904936
0.0189067218959354 0.5712934549505395
0.01949993282422778 0.5932109282923738
0.02028119601531337 0.7812631910855926
0.02123024622216931 0.9490502068559385
0.02241158307292451 1.181336850755204
0.02431088675514285 1.899303682218335
0.02747775626098075 3.166869505837905
0.03144713215612119 3.969375895140435
0.03603873858016822 4.591606424047032
0.04096963861592008 4.930900035751861
0.04601623551457124 5.046596898651154
0.05102300082305929 5.006765308488058
0.05589221347221655 4.869212649157253
0.06054664873440554 4.654435262188998
0.06491879733141334 4.372148597007796
0.06895986187896541 4.04106454755207
0.07264257903521487 3.68271715624946
0.07595796024744342 3.315381212228546
0.07891372213774042 2.955761890297004
0.08153018042703419 2.616458289293771
0.08382923270627302 2.299052279238822
0.08583091481644384 2.001682110170822
0.08755597547180538 1.725060655361543
0.08902568853377096 1.469713061965583
0.09026103808566704 1.235349551896081
0.09128245430307966 1.021416217412613
0.09210959924861979 0.8271449455401342
0.09276122555740021 0.6516263087804203
0.09325469771089342 0.4934721534932129
0.09360622113507122 0.3515234241777965
0.09383081709124927 0.2245959561780475
0.09394222434499699 0.1114072537477251
0.09395261935646719 0.01039501147019617
0.09387291591430336 -0.07970344216383374
0.09371282809258097 -0.1600878217223878
0.09348087700665492 -0.2319510859260521
0.09318440212831504 -0.296474878339878
0.09282950166819851 -0.3549004601165334
0.09242090638906982 -0.4085952791286901
0.09196205861609011 -0.4588477729797064
0.09145542957247792 -0.5066290436121917
0.09090278493416652 -0.5526446383113948
0.09030524968849646 -0.5975352456700639
0.08966335498672204 -0.6418947017744203
0.08897704187897645 -0.6863131077455842
0.08824571977607827 -0.7313221028981826
0.08746826129970973 -0.7774584763685366
0.08664299986024902 -0.8252614394607116
0.08576774469107826 -0.8752551691707661
0.08484006529668861 -0.9276793943896466
0.08387882893327725 -0.9612363634113608
0.08294148289464319 -0.9373460386340599
0.08206461866271153 -0.8768642319316594
0.08125548468069646 -0.80913398201507
0.08049448109475031 -0.7610035859461489
0.07976174572209181 -0.7327353726584995
0.07904169058600638 -0.7200551360854318
0.07832212710412113 -0.7195634818852464
0.07759348257800111 -0.7286445261200231
0.07684818010934535 -0.7453024686557563
0.07608020131136933 -0.7679787979760211
0.07528478661084488 -0.7954147005244522
0.07445819537740664 -0.8265912334382425
0.07359751375421361 -0.860681623193027
0.07270051957984133 -0.8969941743722787
0.07176561321660824 -0.9349063632330956
0.07079176123499593 -0.9738519816123031
0.06977842597376335 -1.013335261232581
0.06872548736799114 -1.052938605772213
0.0676331182821745 -1.092369085816641
0.06650170753226371 -1.131410749910785
0.06533189336425024 -1.169814168013469
0.06412464646810503 -1.207246896145209
0.0628813387979201 -1.243307670184934
0.06160379050557323 -1.277548292346872
0.06029427429417099 -1.309516211402233
0.05895550616048367 -1.338768133687322
0.05759062995035908 -1.364876210124592
0.05620318973720115 -1.387440213157926
0.05479710966770497 -1.406080069496184
0.05337667068093029 -1.420438986774679
0.0519464721248602 -1.430198556070093
0.05051143085866857 -1.435041266191629
0.04907679125724086 -1.434639601427715
0.04764804915893055 -1.428742098310301
0.04623104406886348 -1.417005090067078
0.04483202862041197 -1.399015448451508
0.04345751263056432 -1.374515989847648
0.04211409154824969 -1.343421082314632
0.04080825944995532 -1.305832098294373
0.03954664779397633 -1.261611655978982
0.03833576615379958 -1.210881640176749
0.03718165713252622 -1.154109021273365
0.03608360637243824 -1.098050760087982
0.03503308138257513 -1.050524989863105
0.03401987709951003 -1.013204283065103
0.03303531668073195 -0.9845604187780771
0.03207450569797032 -0.9608109827616353
0.03113559963315089 -0.9389060648194308
0.03021804715152261 -0.917552481628274
0.02932162328744689 -0.8964238640757245
0.02844604382000882 -0.8755794674380722
0.0275910058259878 -0.8550379940210178
0.02675616507497802 -0.8348407510097785
0.02594101802211667 -0.8151470528613529
0.02514494098598775 -0.7960770361289184
0.02436723136890717 -0.7777096170805755
0.02360713221327676 -0.7600991556304081
0.02286379725624287 -0.7433349570338983
0.02213630374607712 -0.7274935101657456
0.02142370051579323 -0.7126032302838918
0.02072488095129063 -0.6988195645025937
0.02003897391906101 -0.6859070322296247
0.01936551566302446 -0.6734582560365514
0.01870368032138815 -0.6618353416363125
0.01805281720511284 -0.6508631162753034
0.01741281388095165 -0.6400033241611875
0.01678280095201638 -0.6300129289352786
0.01616254615323558 -0.6202547987807921
0.01555209820636537 -0.6104479468702125
0.01495134516264115 -0.6007530437242177
0.01436048179009348 -0.5908633725476737
0.01377969357109738 -0.580788218996096
0.01320922607108128 -0.5704675000161082
0.01264929769578958 -0.5599283752916947
0.01210021809298023 -0.5490796028093538
0.01156248068062012 -0.5377374123601043
0.01103673618477199 -0.5257444958481332
0.01052376042677073 -0.5129757580012561
0.01002433914894121 -0.4994212778295197
0.009539182689306621 -0.485156459634593
0.009075725161905157 -0.4634575274014632
0.008811150736768277 -0.2645744251368806
0.008949423808177568 0.1382730714092912
0.009562876140011363 0.6134523318337952
0.01088723626103701 1.32436012102565
0.01273012588498939 1.842889623952378
0.01456886081810411 1.838734933114722
0.01601172569244141 1.442864874337297
0.01687484819579153 0.8631225033501229
0.01731988049228549 0.4450322964939524
0.01753502287995715 0.2151423876716602
0.01763774616279062 0.1027232828334744
0.01739116339235836 -0.2465827704322583
0.01773612603488382 0.3449626425254572
0.01776715623781228 0.03103020292846356
0.01779636488264655 0.02920864483426516
0.0178052313161194 0.008866433472847629
0.01777005744685402 -0.03517386926537441
0.01749810307538967 -0.2719543714643536
0.01820340367777434 0.6032684759385877
0.01867936945840922 -0.1156656753601402
0.01841522056423995 -0.2641488941692721
0.01865161115036857 0.2363905861286208
0.01878108236240557 -0.0604903651694709
0.01873507263336914 -0.04600972903643155
0.0187319787758735 -0.003093857495643088
0.01875913097146738 0.02715219559388388
0.01888725414467827 0.1281231732108874
0.01967062567460624 0.7833715299279744
0.02131131319907906 1.640687524472821
0.0233218003793787 2.010487180299638
0.02533814468034844 2.016344300969739
0.02708295378700821 1.744809106659764
0.02809240990285698 1.009456115848774
0.02923702985244298 1.144619949585996
0.03079210697965732 1.555077127214345
0.03221626267855774 1.42415569890042
0.03328722723678425 1.070964558226507
0.03396305021447032 0.6758229776860705
0.03433744606830319 0.374395853832872
0.0344833403280365 0.1458942597333049
0.03447756305719449 -0.005777270842000082
0.03441640606085615 -0.06115699633834487
0.03434090587698172 -0.07550018387442875
0.03423127146201325 -0.1096344149684667
0.03408936189609014 -0.1419095659231165
0 0
0 0
0 0
0 0
0 0
0 0
0 0
0 0
0 0
0 0
0 0
0 0
0 0
0 0
0 0
0 0
