speed	solsol_wf	solta_wf	gasgas_wf	vasvas_wf	hamham_wf	gluglu_wf	tata_wl	hfhf_wl	hamhf_wl	ta_bl	hf_bl	ham_bl	kbodyweight	kp	kd	kref	deltas	sol_activitybasal	ta_activitybasal	gas_activitybasal	vas_activitybasal	ham_activitybasal	glu_activitybasal	hf_activitybasal	stance_end	swing_end	kphiknee	kphiknee_off	klean	
1.80116016981	1.48015309186	0.162585721034	0.540691419054	1.58982254966	0.241931239084	1.02470775428	1.65647959736	0.574443365679	5.56564899898	0.820794008471	0.833240649768	1.68164590611	1.4696141594	1.11182931658	0.715745396542	0.198632426863	1.51693542378	0.000631434491888	0.0622635229838	-0.0186052046047	0.066490632671	0.108590508501	-0.0317949794015	0.0781427874404	1.16266278624	-1.48610123169	0.209757478628	2.80849130886	0.0451995787281	
1.39896531283	1.47839175807	-0.0930485400582	0.515906644996	1.89116565127	0.276321329455	0.885514058155	1.95468338739	0.947415215361	4.56851507695	0.777854618154	0.797027713107	1.55466146719	1.10550934316	2.6238626234	0.53555079083	0.191274639571	1.45547585228	-0.00175023714421	0.0371337107827	0.00297583138934	0.06968345226	0.0824763203789	0.00554715951361	0.0496519070926	2.71174956406	-1.12526542543	1.09250633839	2.70168599692	0.0090785305158	
0.92446630725	1.2735833788	0.436176767477	1.20279345548	1.69252347657	0.0937449192496	0.809959102383	2.14661855596	0.459860340483	4.77553481633	0.830057235791	0.830354352585	1.60173744089	1.34672402446	2.35033448714	0.577872644618	0.0997693676865	1.27559024953	0.014484072992	0.00869677840485	-0.00176007167671	0.0548507054286	0.0448037506624	-0.00452106271824	0.0523828498285	4.19671616125	0.266910258629	1.50948373223	0.954172501303	-0.352379136606	
1.21120858189	1.40502048155	0.222431759192	0.888432535116	2.00418485487	0.319601269064	0.976624164141	1.43292446474	0.717802728598	4.93185244393	0.753191101029	0.963755973475	1.5903474627	1.111462602	2.53979042358	0.505885152269	0.193162715333	1.38153314807	0.00378666507054	0.0347973095595	-0.00161136896179	0.0565267181458	0.0607210167913	-0.00106476036481	0.0371066965005	1.31134503063	-0.428764020251	0.960710137989	2.37409302309	0.269659478504	
1.60119397045	1.58520383084	0.287330521685	0.643101746049	1.6870128951	0.485301677606	0.741538147071	1.5404276616	0.413665119722	4.44614922424	0.714643187876	0.813068646327	1.35943299909	1.84004251524	2.71495802017	0.416659182683	0.165683669197	1.57221724487	-0.0063341547942	-0.00311706637531	-0.0218112942158	0.0811466520064	0.0701539345073	-0.0197091468872	0.0654072206939	3.54335829726	-1.3408762381	0.228086840053	2.75699684607	-0.105198205633	
1.10387855813	1.43315257764	0.494528968346	0.484459519712	1.64540688772	0.24433978035	0.762917287565	1.83231162362	0.925931836894	4.45915160447	0.724817928449	0.926554964462	1.64402490605	0.960555714249	2.77155227704	0.447824261761	0.293174952548	1.28250550818	-0.00242332436768	0.0336973148156	0.0309010853626	0.0632796597903	0.0628327692328	-0.0201017873136	0.0267505327781	2.69585760786	-1.26965786056	0.521728027107	2.47915244929	0.567716364889	
1.00978970461	1.65646303603	0.1193890499	1.08932921605	2.19598631213	-0.0870847271478	0.756890857368	1.32825428088	0.50534797639	4.69287608387	0.894434132263	0.97539605748	1.60301380468	1.15956341415	2.56858693173	0.502734915485	0.258690720614	1.02484669291	0.0107193226296	0.0212884449515	0.00717795411364	0.0306633477229	0.0726137568069	-0.024304786001	0.0278996556493	2.11991132814	0.67080512039	1.1202661555	2.98224020871	0.152317918381	
0.803959223904	1.1055911282	0.361775798679	1.26891309045	2.08768575725	0.00644006227715	0.617465487115	2.67910389611	0.62350415117	5.45863344496	0.817589927635	1.28630746427	1.16212558754	1.02805370643	1.68159562906	0.435975690854	0.265620749106	1.59584453946	0.0256957882731	0.0462788074514	0.00275581119821	0.0583417235955	0.0324798924145	0.0161437025913	0.0626057152488	3.37126502969	-1.50278032325	1.52575435634	2.89315453643	-0.352367573653	
1.61750172703	1.57599023785	0.148042602608	0.495999159458	1.75979977908	0.30645210948	0.773447976853	1.65657819227	0.655927356991	4.48657271157	0.792266303546	0.790151167853	1.49922562123	1.21377846473	2.97988697396	0.520093956368	0.191791367153	1.37490683985	-0.00799629931401	0.036255469515	0.0013373253294	0.0566983656877	0.085435964355	0.00492890321461	0.0476729612429	2.7890266204	-0.691286424851	1.09881801209	3.01776049713	-0.0268128016879	
1.10173068387	1.55778980597	0.208749611064	0.328355960558	1.3350775827	0.0953555756948	0.849685233133	2.27739340539	0.454769227205	4.16041919459	0.765954258779	0.837196534792	1.41618860695	0.798080171959	3.10273654543	0.466343501423	0.145108630101	1.57048600432	-8.26929188821e-05	0.0635898456714	-0.00565478504611	0.0843488510796	0.0705904758852	0.0106440440517	0.0535519415615	3.46950826971	-0.524700985882	1.17654068201	2.82670743085	-0.0165741256379	
1.60299100413	1.45032863879	0.139566960843	0.534732541851	1.84878284507	0.286385502293	0.818735076352	1.6484813941	0.67083109461	4.57523606193	0.775456688553	0.844520716217	1.53651419855	1.14535319252	2.68278357091	0.531446561811	0.16690708874	1.34765121536	0.00830905839208	0.0304978755264	0.00174575308362	0.0555435860511	0.0875968709088	0.00775169191976	0.0467763925894	2.59241099663	-0.712480323984	1.06693073296	2.72355205659	-0.0520719992765	
1.40141394835	1.68166093852	0.254754286749	0.6786793033	1.97854473503	0.317183315329	0.573537161514	1.38730720604	0.709311439077	5.1008621073	0.714373470795	0.847548393527	1.36172995311	1.26025359453	2.76935710418	0.547347677023	0.23470511722	1.31507920976	-0.00590096113085	0.0252144467237	-0.00840063588479	0.0700155052779	0.0655668921514	0.0144517081687	0.0405547697267	2.91876422169	-0.906800248968	0.837826445533	2.6292951172	0.207938193546	
0.925428121452	1.2977164646	-0.185133317498	1.28458332515	2.10063115486	0.109871393378	0.82772429082	1.82994804099	0.645329207826	4.66994034414	0.775657498574	1.1195811361	1.56626952629	0.64999514228	2.89986692238	0.512106652259	0.149191180191	1.65759783642	0.0109777941489	-0.0191939897864	-0.00409308838887	0.0504819765716	0.0534282685442	0.00688948991009	0.0482425471504	1.54416386665	0.0350282874165	0.33823759811	2.80471319698	0.0371881902533	
0.797754515581	1.22963536127	0.225471425694	1.17732010953	2.3599732165	-0.142578175034	0.558155693083	1.40298064286	0.626442087815	4.7181001405	0.773049955965	0.884085179454	1.753497744	1.14034940772	2.69536168898	0.472310606091	0.223599705205	0.87474767429	0.0108344418296	0.0328665262836	0.0087336541984	0.0423410576124	0.0394468270696	0.0104871833674	0.0542764922261	2.28935043672	-0.498061358493	0.583808931485	2.86710209364	-0.373087362451	
1.78919402029	1.60819446846	0.321200185729	0.72523445619	1.90313525769	0.294054904061	0.747258440634	1.84553162739	0.75726710569	4.3750573153	0.804913021229	0.881422374449	1.48822000128	1.16131829502	2.44076913736	0.539119891884	0.194709323196	1.46557528699	-0.00454037632685	0.0412999704847	-0.00168811221449	0.0505298794158	0.0889784906586	0.00363090240498	0.0531202545474	2.81684134736	-0.612151310479	0.959649350676	2.89368998328	0.0744798380159	
0.915847886182	1.43672831718	0.271809400532	1.12785742666	1.5761318449	0.0433476931472	0.776484798112	2.04452507489	0.781970918948	3.75050499001	0.831689172516	1.06943665692	1.51424770459	1.7374856584	1.98156345009	0.405196256578	0.173095097811	1.26975118106	0.0131313614478	0.00548572396941	0.0118365637135	0.0554975403369	0.058448222882	-0.0297915169043	0.0527636688043	3.4455186723	-1.14139977556	-0.099901223621	3.20271420842	-0.2733835159	
0.796777404779	1.23519950014	0.906461980322	0.936555781073	1.9886947377	0.00346542726627	0.668707605441	0.939827743943	0.523799005536	3.703783503	0.775448534295	0.973530670178	1.39581225226	0.75846341249	2.9508854659	0.568324603452	0.187191770353	0.937160981941	0.015804398537	0.0373593486889	0.0322134021771	0.0348035204283	0.0309658562513	0.017120717537	0.0310517470051	2.45796867206	0.135463182316	0.199082334668	2.7534918099	0.520253135799	
1.80219636464	1.91804513647	0.38657032551	0.750759078273	1.29997021492	0.384582882673	0.729644605717	2.61488837759	0.902508985708	4.76750179195	0.434264779161	0.580690024225	1.46636773493	1.50955613764	2.90452824012	0.799063472707	0.17182474144	1.61280763261	-0.00164587381898	0.0117227671614	-0.021357475246	0.111301404975	0.137960038246	0.0232942201764	0.0411357435497	0.895690800365	0.573288097594	0.527824931452	2.61327357065	0.323436463341	
1.40124545072	1.58495274334	0.198655882546	0.353481289906	1.99886768251	0.248881174972	0.694128103144	1.66537059063	0.62565294662	4.35375175244	0.736041150138	0.780355835374	1.58055657007	0.981558601374	3.08440351326	0.53740443241	0.21768410161	1.45631390621	-0.00770866169183	0.0352555003542	0.00492584986056	0.0710156821892	0.0925862749018	-0.0147282200125	0.0560445415195	3.88039539203	-0.546631654542	0.46107044649	2.91187935545	0.00116522398368	
1.10803274882	1.40046664364	-0.0243155840824	0.726107550122	1.75352651864	0.281362361858	0.787433396098	1.7817456493	0.515922749335	3.83128402533	0.790144485285	0.929315778131	1.23869721195	1.04938471454	2.42042521798	0.507342363511	0.145623286539	1.38532715668	0.00466135777214	0.00449936221292	0.0132283710534	0.055514509943	0.0690310692459	-0.00369447107516	0.0484604037353	3.30320447852	-0.676311406719	0.176399646522	2.45390371415	-0.156849161895	
1.00632558213	1.52504220211	0.262681515993	0.972809430289	2.08258407131	-0.24673346253	0.803259825653	1.27264802919	0.687686689448	5.25102433123	0.666252350241	0.967894898724	1.77416845437	0.695329307223	2.56372119181	0.460006775513	0.291817746052	0.680169573979	0.00406247373524	-0.0124244817029	0.00615343560265	0.0500175686691	0.0855087743522	0.00588931269132	0.0458296849337	4.62456850653	-1.08348522837	0.119110117509	2.75030492048	0.231665051033	
1.20365560081	1.45017144875	-0.0957009686663	0.440148109111	1.89906975132	0.219208051007	0.848273239853	2.10559313318	0.543088773423	5.03442465013	0.751720342935	0.752440562458	1.60460717681	0.935148336581	2.54748502873	0.512400802769	0.203903689727	1.37524613312	0.00132380057487	0.0249870577738	-0.0173106300386	0.0665300705442	0.0711900203522	0.00376194065782	0.018033280822	2.69878713311	-1.66980309712	1.50503884351	2.73137371974	-0.123758531863	
1.20012357756	1.54273515034	0.712556312722	0.483226574552	1.80805676831	0.111666236779	0.618514851624	1.76902008299	0.96359649216	4.52747802342	0.743203643927	0.858943913241	1.42883295164	0.882021667293	2.79424262474	0.440435470032	0.142211393668	1.43431733447	-0.00347270862427	0.0295767551404	0.0118844603	0.0671175463313	0.0656623286685	0.0201676445337	0.0717690123565	2.26906561281	-1.39776650639	1.62179073283	2.47787897804	-0.188146772774	
0.999354179871	1.42060990919	0.810975684721	1.12885245389	2.06411723508	0.0706591663142	0.588854377073	2.30739758813	0.250170945133	3.9854690977	0.768301560889	0.983904408875	1.44150128336	1.13215427378	2.36154884763	0.30972787059	0.417450077893	1.79805590884	0.0148875079355	0.0217256680647	-4.12806212965e-05	0.0526467989837	0.04464387492	0.020722462954	0.0729080923113	2.78201355099	-2.15297057393	0.548431570826	2.33424661099	-0.548591541619	